1
100
33 34
33 72
33 90
34 52
52 21
34 64
52 91
52 28
34 40
33 60
34 3
90 23
52 19
34 18
34 49
19 96
49 68
64 97
91 89
96 6
33 48
40 35
48 78
35 30
90 13
91 24
21 98
13 37
64 87
48 46
97 14
49 32
40 45
96 79
13 80
28 10
40 93
79 31
40 7
21 36
10 51
35 61
89 25
72 74
97 100
97 71
10 95
90 53
49 88
14 76
78 82
76 38
100 9
31 81
14 47
79 73
48 11
73 57
31 39
95 69
14 65
10 62
9 67
62 86
49 20
45 63
65 83
31 66
91 17
93 22
31 16
3 50
45 8
87 5
22 77
3 27
46 43
66 15
74 42
76 58
96 29
100 75
29 94
20 44
15 54
18 70
79 99
38 59
24 56
27 2
52 84
62 41
6 4
2 92
42 85
15 1
42 55
82 12
63 26
196717 464231 535259 335978 793469 291008 557166 555281 493933 185616 163231 896028 229400 27291 282213 852733 263433 901895 171734 12868 354178 941661 993930 500573 340613 202887 360669 132506 417279 101403 260108 870383 93462 248990 299172 4658 136431 911511 505081 98445 794728 294769 124690 80203 642140 33205 942958 346736 985491 413036 914019 78588 622011 618363 693924 979369 392136 72686 957763 611072 260885 62976 621535 111248 190996 522951 477726 65615 690284 214545 133881 656803 957922 377997 747690 72501 389822 919156 181755 224014 857628 154968 706510 905286 835509 314744 376604 935450 302916 890309 362182 520839 444979 948455 363167 80966 608406 239846 685863 225680
10
25 34
98 79
42 20
10 6
37 25
7 54
36 84
36 96
40 27
40 36

1
1000
862 468
862 471
862 293
468 332
293 961
332 111
111 573
862 927
927 518
471 517
518 667
517 338
667 68
518 778
778 693
518 52
468 375
375 966
52 827
693 840
517 162
111 795
332 61
375 351
375 663
827 702
468 503
966 519
827 199
573 89
471 950
375 613
293 760
966 985
985 178
663 863
862 22
471 363
68 848
52 34
778 615
573 912
351 14
985 452
293 387
61 138
778 36
375 721
961 729
68 324
702 548
22 994
293 91
452 83
848 648
667 819
162 406
387 616
324 470
950 842
927 764
68 44
332 779
111 281
162 551
764 137
452 438
438 887
34 523
573 256
517 202
779 786
994 687
452 411
795 130
162 665
293 329
44 734
199 360
848 680
411 20
44 447
360 373
616 222
985 924
702 239
36 193
693 1000
693 417
819 158
22 824
693 243
193 388
734 735
795 719
61 467
447 654
468 989
222 857
961 180
989 191
819 886
447 238
548 659
373 405
687 403
202 712
924 213
857 508
202 940
243 8
467 605
44 511
20 698
667 999
760 80
91 630
89 376
551 669
52 339
857 304
912 126
8 88
8 794
470 501
989 998
615 683
363 189
329 142
648 458
406 958
360 753
794 224
824 82
388 270
80 300
605 188
158 671
551 253
573 28
199 400
663 274
137 756
687 242
300 769
471 833
887 196
196 634
339 823
14 818
238 820
573 490
256 608
795 220
44 747
196 864
756 904
756 233
940 398
256 198
213 319
702 900
842 131
840 128
417 157
795 55
376 394
339 610
447 175
680 122
712 746
403 13
452 755
220 487
985 145
13 554
398 477
518 774
400 591
304 282
28 76
924 639
157 596
61 39
281 497
887 804
833 911
756 584
989 489
487 4
405 967
924 542
760 461
467 651
605 184
818 409
755 602
602 664
489 653
503 286
199 668
746 649
458 469
467 235
994 381
128 392
663 922
111 336
375 5
487 516
605 662
351 567
924 561
387 182
1000 298
270 971
198 139
224 797
83 462
198 957
220 622
300 53
281 50
848 312
220 660
61 768
198 133
887 751
551 763
405 515
461 123
820 313
293 962
734 883
719 973
242 412
967 620
133 296
663 623
848 140
398 418
608 181
665 69
927 81
734 33
130 808
962 248
13 464
924 440
797 733
452 979
753 60
387 652
467 103
608 486
123 934
39 170
34 268
53 529
178 241
418 894
312 920
503 727
511 609
998 987
620 483
654 841
609 124
760 767
669 47
34 888
61 895
857 579
848 783
55 697
376 320
634 355
471 87
440 932
508 30
654 98
989 25
883 357
76 685
994 907
922 209
591 954
795 63
130 433
804 965
239 236
5 666
13 771
409 849
320 216
461 70
864 165
25 310
634 257
202 598
620 793
663 301
238 66
467 78
542 326
518 482
961 758
729 401
610 426
922 272
66 278
652 806
193 174
433 15
747 316
241 990
511 723
778 725
202 114
523 217
313 195
767 265
332 306
818 402
373 791
973 796
70 106
216 134
610 219
608 275
137 525
320 701
683 491
862 646
468 788
827 163
326 295
467 674
665 839
301 775
326 493
823 982
180 792
764 371
371 513
591 460
887 720
128 557
34 206
663 164
764 308
253 6
308 915
320 635
551 254
131 422
106 925
674 341
402 19
525 880
863 550
764 187
253 970
235 245
198 54
573 810
610 410
39 670
281 478
44 984
213 913
786 353
338 785
922 528
452 618
87 730
418 910
98 617
20 682
326 679
91 11
482 430
198 246
189 752
241 988
19 299
486 564
126 624
403 416
685 365
30 186
286 17
503 46
403 703
729 937
618 232
584 173
646 585
351 291
550 935
763 586
50 980
624 728
528 259
778 72
970 194
984 362
833 547
654 658
13 867
401 444
769 743
217 549
324 540
137 865
363 975
198 168
528 582
639 908
659 868
72 872
839 691
907 532
471 678
245 18
355 744
683 397
19 736
198 370
491 612
720 812
693 978
630 884
867 802
68 938
985 419
286 62
140 754
72 67
82 829
671 390
246 718
163 147
819 739
362 105
80 38
341 637
971 959
381 931
394 154
630 514
982 384
911 263
312 285
734 200
105 26
491 166
924 873
883 876
219 441
222 396
87 574
53 280
170 692
398 845
735 136
648 210
682 770
753 784
990 314
824 859
468 597
887 545
365 421
470 352
888 650
433 37
823 273
648 800
286 488
477 75
206 507
301 809
876 218
800 261
91 439
69 211
394 708
747 372
845 541
615 813
263 869
268 537
973 472
650 302
70 41
687 891
87 631
268 789
467 563
298 798
259 385
154 834
873 361
848 981
744 12
134 831
326 135
486 918
585 45
186 522
990 543
752 149
417 297
913 127
394 148
157 644
596 776
460 947
687 356
400 976
613 909
624 266
220 742
241 790
406 35
808 215
433 269
659 290
842 898
401 704
416 481
458 843
351 559
28 92
266 594
678 383
217 946
670 817
444 856
488 921
296 553
620 916
313 71
701 521
669 524
845 276
652 588
915 391
585 231
52 942
693 948
444 93
823 465
973 434
22 73
912 260
486 901
637 870
220 576
365 442
124 750
246 963
452 95
908 190
148 225
370 204
405 279
662 656
422 893
213 113
434 480
503 699
808 120
982 587
946 716
567 226
316 454
718 577
511 717
300 74
550 641
191 705
954 589
931 952
763 960
537 889
259 722
712 696
970 580
909 146
680 762
598 443
783 327
551 172
616 58
712 871
405 600
299 803
419 322
561 855
561 108
659 161
137 1
467 463
154 929
994 344
139 772
909 512
38 223
279 732
95 117
243 578
26 382
279 672
170 367
685 289
579 811
136 614
734 633
862 451
755 684
69 112
511 677
788 24
259 29
178 453
537 941
553 939
776 101
412 49
898 737
663 255
842 593
518 780
87 446
259 657
895 207
901 377
639 571
190 102
72 436
650 878
30 267
291 830
934 569
274 707
11 601
622 203
730 334
365 936
327 757
517 673
488 456
891 155
962 378
8 583
810 745
908 408
780 347
940 972
93 337
266 404
692 964
776 179
707 974
28 875
770 917
963 675
98 535
199 606
35 572
712 450
361 415
800 534
6 429
699 815
218 474
263 431
848 292
50 221
497 109
743 97
790 115
518 906
187 807
78 2
295 125
353 42
771 424
572 437
493 761
757 607
927 555
62 686
367 595
948 996
490 986
357 527
776 782
654 953
595 897
975 851
71 943
162 445
418 379
431 321
36 307
245 104
434 837
219 252
263 228
486 374
862 349
567 562
404 923
390 526
833 150
71 787
418 348
70 890
409 681
904 949
471 85
701 494
857 995
252 520
351 318
652 284
718 575
470 832
365 96
988 738
356 350
243 955
837 847
306 197
624 107
75 459
348 59
300 765
102 141
769 167
38 977
785 914
344 151
950 905
122 110
112 951
701 821
273 689
376 395
664 473
656 568
312 676
377 185
656 928
384 121
285 303
37 283
474 492
794 531
778 826
668 466
707 201
76 799
87 328
784 229
245 31
387 407
649 227
906 502
551 858
671 496
685 420
452 538
663 968
355 709
131 861
74 510
806 632
174 881
418 892
69 853
33 485
447 27
321 208
567 749
940 766
80 99
241 399
63 177
918 118
622 3
679 611
525 748
840 822
296 835
868 724
58 706
189 262
660 315
831 342
82 64
480 603
600 570
378 16
453 546
307 448
131 294
334 129
363 94
219 805
229 305
907 710
597 368
712 777
578 311
867 90
591 7
124 899
98 711
22 566
986 536
967 628
349 288
38 874
378 556
890 661
238 852
206 309
25 277
72 926
147 731
782 695
466 846
289 247
701 655
667 258
884 643
806 647
453 425
753 992
405 240
447 640
529 169
632 79
338 119
277 435
199 192
519 969
655 156
824 23
534 343
767 714
555 599
686 638
547 358
28 504
782 51
916 944
155 500
258 896
911 364
253 565
29 844
351 413
39 773
729 143
454 132
888 21
839 153
175 160
347 993
406 903
404 619
556 32
396 345
92 427
123 335
824 116
291 838
745 366
297 386
514 340
513 317
943 43
493 48
513 956
120 144
849 414
456 423
570 428
386 495
971 244
161 393
410 828
202 9
978 250
764 850
903 581
712 825
72 626
528 700
519 625
434 560
735 814
650 369
992 287
81 945
963 509
126 449
406 801
488 882
283 688
661 389
107 249
681 645
377 854
571 152
459 604
43 530
103 484
284 171
195 264
894 359
20 816
502 740
776 592
787 159
171 919
786 212
43 475
996 346
514 323
108 983
355 330
356 498
695 552
243 234
822 879
581 726
113 455
399 331
901 100
256 183
803 860
810 690
914 479
383 590
460 621
686 251
871 759
135 230
442 866
142 902
249 10
837 627
623 533
728 476
63 930
508 539
250 56
689 642
719 432
906 877
51 715
676 781
365 713
336 933
264 558
285 354
264 885
830 65
843 506
341 86
570 205
468 505
595 636
921 457
880 694
557 836
274 741
768 325
695 333
80 176
134 84
114 57
543 499
714 214
519 40
12 991
384 77
254 629
202 271
368 380
468 997
339 237
559 544
65032 930541 812987 300965 79429 143221 1790 921091 907532 730454 921086 121355 633451 529478 888779 744616 204559 954447 925744 838742 231557 36656 123476 996256 86953 213565 110572 331471 732721 830852 852912 783051 465592 846068 275564 46162 469046 622111 984068 579192 353052 171062 372445 72301 89646 601443 266059 848972 160104 73848 498277 320002 445526 941865 717013 941265 174995 90903 391472 967166 303214 889391 459924 786997 879867 949299 10634 964165 541866 449398 781663 359615 876794 73038 272653 791328 311638 234024 523579 568146 84744 820270 127214 868816 783266 8781 381034 498393 243164 520896 409435 13735 494887 319721 293904 565142 935034 965482 842872 585413 317126 698028 377183 100286 151063 109858 283263 439882 353595 528912 596132 904236 342648 371169 190298 421012 964115 399668 260074 833589 689849 402080 569679 389054 952716 330394 703604 121978 587209 291424 454742 147541 724950 349218 952633 288302 562358 682037 766694 331042 124304 633099 298816 465533 927943 882690 637701 361556 167742 433145 713674 132724 555884 58326 634122 736091 738590 113490 539234 154854 774952 182931 975751 935795 685046 197244 381477 340216 110761 686788 414060 607933 993061 36090 269692 778453 915617 676735 689965 512841 864246 640910 571076 97757 655230 99608 397577 459205 83529 216306 51151 334373 909798 368220 205795 937619 995555 624110 715194 146125 520302 775577 666619 644492 37354 127951 593981 477762 545371 601311 145628 343137 397490 152935 927580 857550 737957 168196 198136 759530 745953 927863 621760 273095 755352 312409 398359 108675 83561 329642 703451 673377 50743 548291 651608 366430 93008 73857 586395 279788 556274 290091 627307 876349 664733 645736 287025 583593 738980 204737 905922 339504 937630 820387 354872 87600 435699 601855 362967 730998 822043 533887 295466 756869 189159 331726 4939 610618 335882 982763 889813 964929 419564 777420 254652 70862 897386 583549 106731 984924 626395 777913 78394 157559 163776 648768 211099 965517 782709 877326 91650 587648 327340 585278 654057 402369 203605 794068 352235 16382 758612 366817 640249 899510 870980 545243 156234 573517 869494 507533 491450 774159 759265 64183 196312 596867 349247 468533 887349 524157 840367 659417 575368 216152 28804 838341 918932 752796 836137 139769 79553 40489 306771 647067 651508 845913 50298 814198 260214 199055 840748 164939 578581 255603 986481 599692 84888 583567 638307 254738 942923 191590 101771 866482 693239 296329 122363 24311 720730 559485 344345 224070 581085 862956 456885 948384 233926 651881 31062 77576 564475 329822 963520 726268 53470 196367 392454 450813 507328 481489 863315 727274 419066 912314 717669 746811 434238 453691 471763 269724 277339 267003 811729 409318 259519 953874 200226 932418 626094 341818 343198 5446 619382 854833 401685 561889 634153 717482 478418 670589 911609 872699 802906 823256 483417 697388 44505 323258 48065 170957 810200 99080 757939 35108 902293 779548 808807 203315 182988 387914 520720 921818 994135 467067 287376 755808 414556 125120 698269 897504 751113 960975 658220 132877 347943 14498 985101 587253 68643 668566 285886 429152 168208 978012 274671 76945 126478 810591 892040 369454 588752 145982 922712 934625 73540 405008 833026 631602 402737 697479 100133 891270 183323 72150 514231 847916 611175 472861 411839 643942 130135 61492 65123 795401 987296 279744 634056 299468 632860 593705 440045 572389 650631 336773 868285 566585 893322 251684 563507 269001 747580 470238 188666 741232 798968 4410 421873 965496 983579 196080 833775 654475 903399 890848 638353 947780 92784 718304 563200 410994 813751 702999 204212 661001 73734 38995 674856 25995 161934 240637 502751 269336 659406 542097 724820 147672 173847 201229 65432 865859 105968 860449 153064 811517 225004 718086 881646 247802 639612 216745 387575 715715 458774 839581 585378 554455 884992 497501 911481 468099 729687 830960 126071 134224 179195 345039 424504 832065 746894 673884 748357 264599 943878 471561 176473 412693 541641 295155 634390 543265 483604 762497 352283 339833 975477 725402 446521 188792 738283 786275 844205 388512 481826 287532 902558 662517 619026 797756 934514 113069 861777 163041 808156 224935 718923 185282 157434 625392 418447 239060 927637 318610 88650 769297 726612 930999 380905 262207 175440 719421 746107 398909 316678 413872 912742 200950 850246 547161 462178 965629 319184 49515 559817 732259 915006 832865 917223 292271 214130 802098 68319 356044 733654 904057 322430 856796 775703 202510 527003 700140 884471 702935 104636 509792 240274 850621 869278 115500 648906 238811 890956 746714 128433 433779 647811 566789 276742 499146 529713 906225 506954 657439 2121 174203 259663 442512 247245 339582 131757 508558 773824 366087 283783 321181 751223 84304 809663 493598 398896 367841 423844 722110 289338 875918 698951 829402 529273 727774 771256 815051 847199 194422 943168 626801 766301 445125 907007 395664 212856 247516 382909 280889 676767 973818 226401 244868 726792 639889 973756 863202 399209 981833 274067 214326 728561 799212 151036 827284 487537 636948 740595 978733 359201 309187 721355 592130 925187 969458 713329 633708 440489 340201 381684 700660 818657 764217 345697 211134 105316 32323 552597 224249 751588 654648 162213 926146 206925 739415 658323 223467 580858 142141 470591 891790 241353 521829 456402 741118 320350 666613 156561 341565 321286 561670 941982 304529 143287 566579 773774 201810 834712 327195 494909 246934 639189 709467 560782 573949 502787 710371 772546 822280 860618 682709 881132 836835 908601 690080 588821 611622 487579 9645 641115 808202 529033 611753 495089 134037 690319 148241 158317 148811 611402 754967 333235 828671 53716 168147 865288 415348 317068 228224 577358 465150 874156 305515 573902 198394 919940 497211 670926 828099 92427 717372 938203 145391 329077 808771 707294 871207 286688 405668 854113 405738 20364 528407 288633 867378 107698 733198 904995 544999 974405 846137 639876 448516 159074 510035 617120 379293 347364 846412 32405 404938 597920 671408 777075 805192 601857 382251 491184 991731 434765 706414 43876 764656 495272 810487 366345 166659 211934 275401 927062 744713 912060 726293 471941 441234 729677 74714 972700 47360 59829 780563 490311 507014 808670 249364 212542 486113 749806 885563 534709 361541 225352 384242 872366 963571 123057 28093 521920 881843 510849 537440 158678 629132 703057 946731 515844 575988 317634 646614 148690 582684 654050 228549 325217 395003 311186 243989 707456 302167 698350 663623 888836 639628 677566 409447 529352 379415 797624 701333 268937 219613 878265 329354 946666 947084 743772 995946 457633 515150 196036 861877 634077 550108 202249 874494 555147 625944 671819 344894 62475 83067 70938 310624 353822 449696 348895 317977 938042 147229 842017 701129 102453 856668 174867 302331 465345 858228 223052 202498 521662 698016 726677 805720 599061 940064 811021 846589 893615 892816 95874 735013 771334 709234 184656 116497 540905 429464
10000
589 223
113 7
843 637
727 812
408 793
36 481
809 584
394 213
179 960
722 149
159 744
98 709
696 429
730 297
29 87
711 218
177 285
941 770
573 331
384 539
311 832
343 649
811 656
968 48
114 545
568 332
730 427
707 189
155 571
552 704
766 301
121 573
580 191
658 955
422 695
647 947
821 938
174 759
326 794
131 617
928 536
241 893
204 821
724 58
321 238
819 479
972 370
69 111
893 4
715 436
919 880
740 706
905 590
362 714
688 768
298 877
828 160
848 695
346 425
142 866
406 269
202 402
723 917
592 217
106 353
481 233
381 760
498 214
56 250
792 629
106 75
742 703
197 935
626 628
46 778
378 762
40 259
721 692
514 688
63 417
413 50
784 732
51 468
879 642
16 263
867 217
593 741
919 342
531 165
166 539
320 931
554 22
588 205
136 774
854 724
857 104
946 79
454 248
569 838
816 584
291 286
624 492
97 330
837 854
580 73
717 640
399 427
535 234
265 996
390 973
80 876
635 295
170 721
453 986
396 577
800 245
960 420
208 372
635 426
92 210
299 875
690 720
386 747
432 716
369 6
526 420
283 112
552 194
838 656
200 194
658 960
450 498
921 491
872 102
971 690
392 215
578 750
598 391
642 343
82 215
745 503
976 387
113 732
508 447
84 725
976 216
806 126
487 310
810 253
57 755
954 192
873 346
53 383
850 32
665 515
74 646
136 893
559 520
356 399
859 157
545 358
461 273
240 265
409 3
600 81
878 148
656 20
261 315
797 905
79 988
930 139
914 955
879 739
943 837
204 34
902 483
819 197
329 44
207 347
904 900
639 271
676 620
202 785
703 101
542 562
1000 949
892 539
741 599
403 15
20 236
743 470
744 644
150 945
291 475
570 889
821 418
835 821
685 846
460 746
76 781
142 775
997 312
239 390
185 195
317 971
175 180
321 469
254 409
719 640
985 227
657 389
380 41
933 346
413 948
564 924
927 376
424 350
278 169
919 274
306 652
550 717
869 496
516 726
125 930
458 376
201 884
838 904
681 648
186 120
402 912
72 36
482 183
402 318
989 448
371 702
766 410
329 922
177 394
811 76
618 462
955 284
984 228
750 786
119 123
348 932
724 87
423 132
849 761
53 588
636 595
496 520
953 654
921 740
977 995
168 566
865 993
506 180
700 13
207 170
98 303
665 852
945 949
624 546
859 346
349 127
779 970
416 722
908 414
55 291
957 384
372 763
990 454
85 189
607 113
49 28
278 213
257 374
563 94
866 106
927 585
80 708
955 243
832 913
277 544
712 797
778 447
120 175
391 431
532 100
987 526
480 18
235 596
610 958
693 235
689 488
412 258
538 539
490 190
326 954
33 472
288 70
344 529
641 309
397 722
581 978
62 212
706 4
1 874
477 682
25 194
688 951
1 183
853 362
991 360
170 578
714 488
613 489
417 169
648 667
520 462
318 63
709 123
311 151
5 730
762 769
977 556
847 104
750 696
149 418
769 362
975 369
631 126
950 620
800 280
126 108
950 660
103 37
281 771
904 284
739 543
444 197
686 556
830 252
331 697
102 642
932 847
432 989
332 227
588 438
924 556
804 366
809 454
817 155
837 811
480 918
855 417
315 927
703 683
830 160
677 914
871 239
29 689
800 129
579 515
410 637
215 690
905 160
358 389
908 593
927 135
434 479
534 925
324 24
4 469
31 500
690 625
275 763
818 168
92 299
916 615
598 157
427 861
937 176
217 283
210 289
884 243
913 236
430 104
85 154
346 464
984 126
244 91
830 608
824 733
471 566
929 390
875 847
557 610
459 314
955 984
17 72
33 67
852 445
753 818
562 314
382 536
769 889
829 376
247 979
563 627
531 652
989 757
482 765
457 457
553 776
501 377
326 658
137 629
85 487
180 207
748 849
783 17
590 511
806 155
861 525
214 456
240 877
436 537
287 598
323 745
306 203
572 301
951 119
981 237
533 94
967 542
926 66
175 873
591 929
437 890
941 641
648 838
37 827
460 143
713 465
778 138
75 305
926 358
327 703
943 814
566 601
702 410
975 97
53 100
71 753
415 502
892 35
385 150
439 145
859 697
598 179
934 310
261 193
852 182
617 994
592 922
314 431
645 15
818 924
344 377
5 723
114 123
836 593
869 324
443 359
176 294
401 53
319 460
448 710
769 720
325 926
15 812
693 974
285 240
454 226
735 302
737 232
485 112
485 846
158 535
210 94
350 810
348 185
412 540
112 79
256 452
282 578
876 281
815 287
549 347
481 945
150 599
798 960
962 659
105 203
297 234
755 266
331 79
982 23
625 441
333 156
889 328
328 507
946 115
188 149
8 421
50 607
792 89
124 770
258 121
547 880
740 209
537 716
860 313
675 356
706 831
904 966
381 838
880 249
185 858
550 136
694 195
535 629
49 971
943 258
517 775
844 250
777 603
807 310
448 606
310 224
797 758
540 155
860 412
81 329
208 217
1000 482
250 936
281 106
191 890
952 822
416 88
343 85
984 97
78 171
615 986
611 574
368 691
611 585
303 255
689 131
665 518
647 951
223 282
108 495
759 197
203 572
272 302
300 713
753 476
112 482
128 342
452 606
19 826
803 733
688 911
343 783
518 838
211 819
312 582
81 982
328 592
732 84
274 257
71 724
153 754
466 889
559 606
566 395
639 805
227 941
467 969
895 333
313 464
666 669
82 808
886 848
156 439
919 345
39 423
832 845
115 984
502 407
746 306
186 206
162 939
911 478
35 977
668 160
172 428
814 391
820 541
692 945
760 968
723 587
893 142
685 1000
153 566
821 783
789 299
320 389
33 230
26 222
900 415
639 681
469 915
899 784
682 643
450 222
411 172
882 612
787 768
349 752
466 971
279 221
217 244
271 680
752 304
59 226
510 113
219 386
128 904
369 651
113 719
337 678
707 538
496 74
299 32
268 564
506 631
877 768
828 885
938 530
166 111
966 635
862 696
105 973
497 240
384 499
529 927
591 480
578 500
257 812
677 229
615 992
348 369
929 940
329 218
536 155
42 627
389 266
16 85
763 177
523 840
241 825
43 619
596 80
411 516
782 237
210 483
722 44
558 97
807 686
833 231
383 322
234 242
549 953
845 789
792 774
952 659
556 695
820 971
215 520
112 379
509 502
617 75
770 100
344 741
928 762
310 701
93 824
221 716
100 578
81 108
99 627
279 952
268 570
64 924
235 961
603 700
427 223
860 286
636 305
194 35
163 729
710 642
908 629
945 623
448 37
93 543
182 894
146 707
186 641
687 111
614 786
442 124
593 221
171 135
221 428
524 551
880 201
152 79
857 924
169 768
617 180
843 997
94 515
936 456
785 739
832 376
947 589
618 991
983 71
977 875
257 994
568 815
434 32
541 713
6 467
650 719
241 784
656 178
305 604
235 397
62 964
750 773
594 368
398 35
103 411
282 807
966 91
446 646
75 804
402 779
581 445
627 187
385 150
320 255
598 347
532 882
922 734
692 364
603 951
273 857
638 727
323 40
421 399
3 531
25 348
765 62
526 56
202 491
993 346
49 737
213 511
224 158
768 452
449 935
227 508
303 464
909 704
942 296
737 639
654 87
601 633
116 509
691 579
263 861
292 903
392 132
966 902
173 222
245 473
540 713
754 4
492 825
29 244
983 516
160 626
909 662
884 236
354 834
712 87
235 642
780 30
189 996
264 332
376 438
824 708
819 536
106 585
583 964
981 668
506 341
905 828
72 262
913 507
634 281
843 983
658 596
28 113
442 620
935 475
50 230
788 139
503 221
725 585
887 147
949 525
919 935
73 16
92 793
903 576
765 655
810 938
259 345
542 832
660 954
677 143
18 301
997 919
342 815
386 964
573 438
248 839
628 473
783 772
304 562
642 532
540 649
220 570
539 91
386 101
478 618
539 560
317 264
316 879
595 948
378 89
739 848
186 851
838 519
570 14
15 539
830 534
96 79
438 77
434 799
606 593
313 681
134 855
823 953
386 134
992 777
978 224
416 427
252 314
881 72
746 892
267 544
381 253
655 280
495 13
94 666
944 903
982 893
820 688
812 555
134 751
291 72
54 380
772 241
968 155
104 650
998 702
173 92
289 539
952 760
413 688
30 143
785 781
371 745
88 239
958 654
360 192
392 43
380 692
821 245
812 388
817 808
742 170
589 59
285 660
591 587
934 398
877 577
487 962
365 657
252 340
689 976
40 543
318 977
202 925
594 617
702 743
426 487
509 54
21 957
443 648
724 772
881 99
445 519
732 941
468 13
459 511
570 611
163 882
232 581
47 248
605 924
752 608
572 496
165 666
913 997
615 849
547 134
560 435
896 804
269 289
744 281
409 61
904 923
999 749
625 294
407 867
406 677
482 10
549 568
51 961
855 920
881 322
706 355
523 836
44 701
49 899
22 499
58 361
183 976
457 971
893 901
788 524
265 819
126 816
453 748
80 238
898 535
990 621
286 382
75 924
50 902
88 301
419 243
153 52
566 798
874 877
279 649
620 691
677 551
686 75
149 692
500 495
89 239
567 605
537 69
763 61
464 909
125 201
780 637
829 909
889 248
460 65
718 205
639 310
869 463
78 879
630 845
862 920
901 352
428 971
633 274
289 55
470 236
681 248
258 976
576 291
682 561
854 443
180 168
664 427
753 853
319 69
214 584
680 415
203 562
803 628
584 255
474 395
219 696
610 318
175 27
416 126
299 158
820 276
611 773
634 835
232 527
950 615
281 656
755 301
363 825
295 584
683 257
726 397
576 230
632 731
286 621
183 863
708 733
899 762
561 388
278 165
358 173
407 60
997 65
132 640
746 704
472 860
908 693
774 704
492 520
539 542
377 507
230 963
897 438
934 181
561 513
208 822
777 442
631 598
59 125
613 612
108 723
484 849
339 240
193 432
260 529
499 150
696 197
454 640
560 119
752 646
291 105
837 110
947 770
52 900
477 140
824 851
777 907
432 877
288 357
339 60
704 760
767 872
57 207
103 107
802 708
268 706
70 560
635 570
683 906
634 204
1 472
676 403
252 332
41 653
752 749
498 307
358 20
623 127
849 38
359 310
357 441
726 284
161 980
108 48
813 716
953 560
139 364
158 958
331 434
918 977
175 551
569 756
881 420
752 963
989 454
405 19
93 233
978 854
565 725
459 915
877 556
884 409
470 806
913 807
437 485
946 24
787 173
877 551
503 352
909 507
634 720
106 775
159 909
477 644
578 658
844 887
538 303
102 398
857 41
50 186
29 817
994 474
552 417
274 61
52 619
709 155
45 63
651 238
21 250
964 228
815 768
945 51
20 444
576 314
467 517
893 517
523 370
641 246
78 218
884 790
785 992
655 520
121 914
508 879
14 872
333 571
193 282
637 132
255 665
242 143
367 337
993 370
459 962
766 888
374 466
54 52
515 470
416 975
754 591
680 282
734 182
714 58
266 929
371 477
81 909
7 590
173 258
331 346
465 900
975 228
589 132
377 988
533 875
922 523
317 896
65 829
545 399
160 421
429 415
267 247
984 808
673 665
819 534
986 988
568 406
572 415
891 433
635 547
475 925
702 541
322 424
815 718
190 173
87 831
480 490
106 259
829 667
405 761
837 78
805 208
269 551
567 175
223 758
644 420
91 781
523 225
818 36
843 73
611 169
913 655
612 356
480 396
508 138
952 97
376 463
454 412
37 479
485 308
633 240
624 719
223 650
670 980
826 562
13 187
822 712
362 731
131 722
503 577
663 688
55 592
515 894
954 34
378 626
954 648
160 123
927 37
116 910
399 443
832 89
717 588
791 248
898 936
825 75
449 857
657 640
818 550
435 418
104 984
963 838
950 475
883 83
454 119
25 556
913 988
947 707
933 372
364 927
314 580
164 846
155 993
883 64
871 809
668 206
826 210
356 558
503 332
124 493
553 46
8 442
497 104
920 994
406 701
161 443
836 502
862 400
371 315
175 479
231 961
262 389
130 190
929 109
412 613
782 450
604 650
746 925
808 118
579 468
454 413
555 251
826 191
550 113
76 453
799 662
706 504
996 574
216 337
499 605
910 911
400 349
540 39
534 745
34 226
565 573
328 475
622 848
883 462
264 893
418 601
214 232
138 814
100 289
863 981
50 100
359 640
385 689
872 775
253 937
572 886
486 675
484 781
216 467
53 267
227 525
72 639
82 546
576 289
241 280
903 505
922 260
710 553
442 280
466 10
427 920
420 515
367 847
773 364
319 550
458 689
499 958
743 259
614 337
308 809
425 168
199 473
833 738
723 454
575 462
199 393
576 123
603 175
153 488
939 769
409 612
414 36
505 262
671 733
139 299
127 577
576 18
435 86
57 745
916 654
137 740
610 926
645 452
873 145
663 525
823 587
815 504
619 110
616 350
132 421
82 82
15 598
335 247
488 114
710 597
444 62
575 596
773 395
399 43
162 468
401 43
443 229
249 943
101 31
677 311
164 904
265 809
611 61
361 328
79 957
878 308
661 660
696 131
497 751
629 712
913 200
766 35
997 869
377 462
365 455
480 917
111 892
1000 445
339 90
751 793
594 938
600 435
242 394
560 908
652 754
74 374
142 155
845 526
127 593
805 585
402 410
137 751
395 26
135 217
770 997
837 933
891 237
416 694
817 869
107 415
307 995
756 632
147 859
519 285
552 664
815 609
802 956
892 394
245 826
720 502
841 393
58 444
107 278
691 77
639 739
553 798
794 824
731 289
583 45
86 444
992 345
392 351
124 424
263 765
177 353
184 161
507 765
629 838
661 633
417 999
423 270
411 516
52 730
88 856
433 773
72 468
329 808
76 758
581 530
67 446
767 993
14 1
224 732
903 929
495 665
139 655
874 915
137 772
759 866
369 437
726 606
60 986
918 322
452 150
731 95
453 524
496 356
317 151
67 203
744 255
497 593
218 667
982 346
579 392
492 311
66 492
236 607
175 771
878 40
649 109
916 310
541 724
267 614
96 279
911 242
62 223
18 1
892 119
899 822
364 863
633 143
31 202
828 82
767 954
695 999
240 890
853 645
145 244
425 817
367 247
128 858
918 694
543 918
786 810
343 49
630 528
850 261
432 49
71 124
662 221
419 318
722 521
297 850
702 719
299 483
602 706
774 301
215 298
409 844
904 325
542 636
34 840
548 317
56 511
180 162
187 980
255 706
183 857
5 247
198 705
407 512
211 888
48 631
681 92
209 430
754 997
3 80
684 290
344 559
194 503
328 485
700 91
170 882
157 917
383 536
890 451
473 386
941 505
90 638
891 520
344 763
521 47
490 332
803 353
682 134
261 275
199 479
966 54
28 102
649 771
827 334
910 264
878 930
277 639
29 698
883 543
369 465
341 273
248 880
608 466
658 262
976 3
949 853
747 999
530 584
570 870
136 562
22 116
195 334
566 800
818 11
581 5
620 574
722 976
448 426
534 992
332 226
182 550
828 443
925 596
367 424
735 605
163 262
313 270
714 654
104 889
867 776
62 939
148 469
715 543
967 599
3 655
58 691
571 858
907 574
818 297
280 218
547 585
562 634
757 599
569 512
66 936
917 955
574 759
299 994
164 231
852 570
140 907
566 149
246 572
484 342
290 910
898 345
93 768
120 580
316 725
604 539
134 302
624 984
964 897
293 700
994 499
215 980
108 862
727 406
310 629
227 678
168 552
211 627
723 968
957 10
539 376
808 107
514 830
731 557
181 283
30 883
809 119
817 259
331 201
349 989
983 719
305 706
510 698
356 799
564 119
858 371
461 613
658 209
964 655
83 932
598 235
202 721
940 594
777 900
458 357
764 337
881 50
687 994
127 244
206 489
57 715
797 628
356 643
644 196
290 389
226 950
477 688
964 42
968 428
956 514
130 134
145 346
391 767
595 247
978 100
730 738
372 165
993 863
375 169
464 832
102 77
694 354
940 915
210 614
842 451
374 981
951 656
903 321
517 92
547 412
239 329
203 234
861 562
934 864
418 108
44 707
892 736
991 435
51 779
649 904
44 847
997 540
521 859
681 205
580 261
438 424
803 453
210 1000
266 909
144 442
640 816
993 767
637 125
571 723
457 284
557 863
55 600
285 975
622 1
261 956
330 821
834 868
886 610
421 548
177 881
677 899
531 744
176 58
808 361
431 901
716 257
296 312
49 59
972 877
203 305
101 166
371 559
104 207
816 797
247 711
259 41
724 956
445 258
128 483
758 905
737 223
857 426
33 299
562 394
525 119
326 860
233 841
339 927
949 659
139 38
595 104
407 252
109 395
89 558
894 830
23 417
215 476
420 693
811 18
279 610
604 435
365 16
12 496
502 408
594 169
780 295
340 696
90 736
527 719
755 207
264 899
96 878
814 600
699 973
458 529
583 94
723 809
213 971
761 881
157 268
35 986
247 840
231 1000
446 774
904 36
810 859
686 199
434 480
165 996
587 749
453 827
582 676
907 528
595 503
679 516
522 31
678 439
717 952
93 404
625 966
754 150
640 235
850 279
238 94
709 291
311 61
113 63
526 571
202 436
231 57
579 377
33 367
877 964
37 375
776 903
83 587
380 819
887 968
900 134
465 660
433 98
54 757
559 779
713 199
15 169
308 124
933 542
664 938
296 585
841 79
521 786
408 74
44 289
645 471
49 310
189 361
408 503
725 535
780 79
356 228
666 603
977 264
618 398
802 968
195 527
470 188
385 889
560 167
870 81
645 768
546 665
835 730
156 265
735 990
205 758
44 422
58 369
32 329
928 20
598 211
301 922
992 200
501 85
551 404
368 257
947 568
428 932
770 215
199 542
248 773
127 546
692 857
862 282
575 366
82 369
687 23
506 906
718 728
277 563
194 710
618 790
329 114
240 670
814 21
69 549
46 274
568 446
322 690
296 73
919 313
608 12
493 619
123 1000
859 342
540 447
950 184
155 144
744 731
554 503
661 606
543 700
67 415
20 698
60 385
32 815
298 812
954 896
996 120
770 411
72 840
929 462
339 123
387 442
254 7
351 844
364 696
896 618
942 167
407 481
83 348
445 443
265 311
157 275
740 548
984 268
89 220
520 582
150 400
829 386
608 156
300 941
269 831
603 286
306 557
702 958
359 986
796 69
928 328
674 698
506 40
474 663
891 622
787 996
518 600
425 960
347 638
88 539
947 600
128 854
417 624
14 668
14 409
822 111
364 506
97 244
175 820
270 262
164 619
776 701
489 144
725 134
886 784
950 533
180 401
715 353
890 299
810 28
475 522
916 305
823 282
561 28
1 797
559 822
635 601
943 548
541 864
679 734
186 529
876 770
933 812
44 165
992 607
123 680
723 677
759 326
687 628
170 797
653 89
826 780
335 197
188 256
95 426
213 336
903 399
11 880
920 295
100 419
611 979
78 413
387 72
843 519
309 703
521 920
170 388
136 670
418 512
312 150
492 593
605 820
759 806
511 99
850 664
695 994
325 812
408 569
238 860
269 131
284 491
526 966
593 177
103 81
304 536
208 353
648 31
441 672
273 337
556 401
742 594
266 935
760 816
564 220
373 145
706 111
260 640
649 122
511 198
671 602
650 646
889 687
843 494
925 32
340 996
704 240
551 231
124 114
183 348
683 769
988 573
849 615
436 718
770 912
866 340
262 624
375 817
56 601
693 23
798 851
435 422
825 143
650 952
616 453
108 710
12 791
691 713
421 725
118 221
4 190
639 31
380 944
153 412
225 753
973 80
761 393
947 997
790 785
332 601
194 914
749 572
904 951
303 215
607 911
575 386
951 710
672 906
441 323
642 180
713 453
664 6
904 997
791 477
742 643
915 803
729 704
46 137
621 345
937 499
363 214
620 671
195 689
648 236
909 13
88 421
986 898
300 45
319 922
222 329
871 255
915 33
266 444
449 953
462 253
949 1
959 34
794 531
474 71
597 208
184 449
155 382
631 989
318 468
115 112
107 35
409 627
674 907
923 638
980 637
280 394
216 633
340 488
581 3
739 349
118 631
688 298
202 673
871 336
119 59
303 800
261 758
374 429
17 905
258 94
50 3
550 640
558 474
979 718
223 909
514 147
137 22
369 341
358 500
339 9
237 823
861 641
932 283
742 430
948 353
540 284
390 547
226 634
735 229
640 741
882 249
406 941
338 460
483 614
139 471
196 314
985 22
588 47
193 426
668 582
514 489
391 877
197 998
422 79
379 701
814 141
802 503
328 739
906 439
854 944
902 331
1000 493
406 720
316 848
489 994
12 317
48 693
30 800
828 410
398 404
978 130
622 167
276 227
945 950
21 630
131 237
49 269
607 418
339 238
933 94
74 805
913 775
781 151
667 929
902 179
448 635
639 337
786 106
450 521
76 625
890 619
270 422
346 328
464 422
682 362
196 286
778 284
994 383
26 239
114 932
771 956
459 535
629 599
680 681
813 996
972 743
500 436
439 583
193 931
538 265
156 915
503 344
637 929
973 865
583 489
718 502
321 441
721 292
216 21
145 99
1 462
723 962
63 506
54 674
740 62
244 268
489 230
688 861
147 453
84 421
308 839
529 206
326 45
188 728
840 982
965 893
60 457
869 863
674 35
87 247
424 955
499 789
353 427
363 256
405 749
528 911
562 171
37 846
912 708
458 151
783 826
636 507
201 738
24 73
977 678
987 612
712 552
89 91
27 745
482 591
483 967
631 115
383 317
36 584
751 239
184 265
649 44
977 961
930 444
263 583
114 844
795 172
260 301
441 1
656 369
334 255
777 81
537 654
781 245
253 738
347 793
86 674
145 29
524 300
977 947
700 501
822 413
420 378
356 609
30 32
486 422
132 170
423 152
856 480
167 460
616 995
561 836
138 770
500 355
628 25
68 821
927 359
624 141
799 936
71 992
425 698
521 727
543 223
728 5
379 994
202 661
639 432
7 95
583 293
338 577
544 20
240 230
462 95
297 301
285 795
577 822
122 98
380 732
562 895
449 471
870 929
230 533
747 872
474 232
885 412
697 488
113 620
323 406
885 964
571 539
705 260
971 390
734 385
589 251
748 980
67 274
817 196
985 638
702 861
264 216
98 218
943 751
647 179
190 194
635 789
553 455
537 863
651 651
761 510
735 751
821 737
593 228
917 943
919 870
738 465
480 83
883 394
705 389
116 738
266 349
960 149
870 315
892 754
208 248
965 212
956 677
432 981
418 725
634 101
74 769
691 560
36 306
766 417
119 129
87 63
52 450
817 28
969 92
386 673
594 313
923 860
893 807
141 160
617 746
706 606
536 47
60 378
557 574
660 567
522 123
160 415
804 146
480 64
453 310
623 484
256 454
820 733
119 595
510 821
386 381
804 593
959 139
489 759
911 461
818 458
847 217
380 34
592 405
859 112
869 351
809 278
668 358
819 938
9 713
896 582
271 988
192 319
422 137
488 305
399 275
606 962
97 914
887 371
142 910
889 299
869 103
527 534
714 332
233 564
792 377
843 448
876 149
430 204
599 349
823 595
988 233
366 749
904 858
849 231
961 695
469 33
473 488
429 649
644 404
101 447
127 164
522 636
753 452
877 234
915 230
178 14
805 197
715 275
997 222
392 576
939 230
377 348
19 445
803 370
633 390
82 136
323 183
794 958
601 86
972 13
124 359
113 114
285 534
194 727
677 900
211 708
901 313
115 901
171 399
656 282
589 120
281 593
234 719
231 652
291 615
708 950
419 433
289 833
136 171
468 253
798 293
552 801
37 566
415 669
796 4
507 504
193 362
301 991
155 373
809 273
97 900
489 879
183 852
835 821
949 680
313 478
1000 981
46 485
252 369
296 186
512 987
939 764
690 226
269 732
857 781
353 45
980 429
718 554
358 613
298 709
155 137
548 522
311 744
6 313
741 976
435 829
818 325
613 958
523 274
791 730
60 953
262 217
258 176
579 957
462 693
773 678
36 991
423 726
176 60
620 629
13 870
560 221
517 82
107 29
42 119
179 401
995 325
927 314
111 923
392 228
546 63
23 432
534 843
838 85
374 660
79 715
374 740
605 677
220 21
760 625
857 390
862 581
274 349
159 920
203 225
526 230
506 265
110 273
233 840
798 867
922 193
924 34
244 54
338 925
773 84
576 687
118 527
47 342
619 114
96 585
576 765
707 848
132 428
281 556
755 211
77 298
862 40
500 110
222 911
526 840
595 768
544 316
386 91
926 839
474 257
11 900
810 244
804 939
81 568
390 566
470 33
454 14
689 634
662 851
268 70
6 682
973 544
273 176
931 152
435 145
992 574
633 349
849 284
3 727
180 728
298 461
984 657
830 135
353 333
685 359
343 98
792 871
747 713
994 165
965 137
706 939
811 656
670 754
518 434
525 823
261 374
231 344
469 660
671 145
364 677
551 653
854 919
724 9
346 160
163 549
103 384
970 840
443 290
489 672
595 974
944 826
80 588
774 241
206 842
874 84
690 561
50 4
540 338
84 434
617 772
8 25
807 493
619 971
193 838
506 760
257 889
447 6
221 795
235 799
913 609
751 511
227 385
225 326
974 30
928 19
278 219
584 350
631 884
824 76
662 598
868 208
206 675
933 587
948 989
31 105
469 356
917 106
610 125
912 172
593 122
277 960
520 380
664 615
675 401
92 138
130 789
428 987
621 575
896 379
366 167
551 415
813 629
559 41
584 838
6 233
896 355
746 917
526 302
860 881
873 434
809 762
530 531
397 806
930 671
117 617
682 635
259 45
776 33
264 355
185 67
704 930
446 977
568 500
708 98
755 966
950 350
325 559
79 902
430 786
966 272
526 825
562 359
526 413
432 178
797 969
577 71
44 159
188 387
660 223
234 79
793 717
151 914
739 665
669 14
667 984
754 150
473 722
149 145
430 640
177 802
485 655
551 47
112 832
780 341
764 866
173 969
354 488
927 546
35 517
932 990
667 297
55 724
994 493
399 947
857 787
848 832
219 540
474 11
941 930
699 252
856 606
82 23
581 331
911 986
219 681
928 730
809 849
305 7
711 235
616 833
750 267
148 414
317 746
607 992
106 430
511 944
930 132
723 728
608 531
763 244
749 839
440 208
91 954
859 733
330 999
723 706
793 959
24 314
674 359
698 71
441 168
750 85
973 663
964 401
369 765
27 672
424 464
431 435
897 656
333 521
801 450
828 351
49 873
353 169
107 954
611 27
4 490
344 27
408 195
80 888
804 864
108 417
222 667
238 210
856 658
16 124
399 330
260 754
611 21
186 927
469 350
860 948
77 130
638 708
811 533
523 94
165 603
61 254
959 922
712 333
696 509
953 539
983 702
750 349
929 585
447 147
591 24
224 644
826 400
756 511
7 599
918 868
408 916
55 854
608 894
898 115
784 709
626 754
956 458
756 350
952 70
986 993
348 507
137 533
459 932
432 732
447 576
462 624
144 4
875 318
497 624
42 283
45 32
474 396
48 604
472 489
791 787
274 366
991 205
260 611
120 791
236 432
249 835
391 457
183 555
29 359
381 924
815 864
622 493
269 274
946 705
642 821
151 720
760 674
725 878
798 78
336 703
452 260
358 891
783 110
211 603
209 603
614 133
331 159
310 558
85 3
719 393
170 973
987 506
970 240
433 496
579 240
605 250
289 180
89 644
426 770
100 289
408 326
286 954
727 189
186 130
943 188
7 318
992 438
556 593
333 749
921 521
298 725
438 1000
655 46
758 933
409 964
335 983
596 731
576 557
982 852
442 974
561 110
791 385
442 141
758 458
128 904
592 158
629 768
840 96
33 274
892 427
703 81
696 764
985 471
710 672
663 203
305 979
527 159
105 540
575 868
669 521
987 149
896 574
679 945
658 665
969 572
308 6
334 614
210 724
405 330
754 632
1 921
813 622
164 381
291 21
90 769
898 896
396 647
633 984
52 366
879 174
715 847
515 949
955 848
972 958
145 368
131 918
613 473
262 275
344 939
505 330
347 355
36 13
677 592
213 123
199 974
536 126
952 755
113 290
238 59
950 705
931 881
911 66
82 338
620 531
906 573
883 505
291 797
411 262
721 489
892 531
82 781
463 518
496 715
376 847
427 289
159 325
511 593
94 435
222 819
370 211
835 981
721 397
937 64
494 515
842 649
783 591
172 228
384 489
778 989
638 638
340 929
287 166
266 628
304 209
501 840
793 583
501 444
867 203
145 344
802 505
926 291
654 230
156 323
254 865
681 456
429 82
888 993
770 136
178 582
508 92
795 206
595 5
377 900
526 51
46 323
30 778
417 320
436 591
233 972
962 454
760 671
847 36
229 101
241 976
161 204
369 514
460 777
206 191
226 123
205 944
83 177
322 635
536 23
853 308
380 245
344 575
525 326
601 724
748 463
322 890
104 858
778 286
832 82
238 201
68 94
706 628
560 1
863 364
83 964
157 398
599 599
830 394
480 510
924 757
650 100
24 950
96 933
355 422
620 402
867 524
534 205
492 56
232 906
57 213
53 246
191 953
400 936
400 44
782 642
617 578
739 148
276 569
754 329
819 141
603 651
33 648
804 86
372 480
164 176
357 452
376 643
785 493
601 7
349 352
320 735
553 31
800 633
508 742
807 268
273 500
244 539
870 980
997 902
333 664
767 504
419 681
7 397
390 867
979 96
638 968
797 329
792 802
10 552
74 552
22 721
78 88
6 705
393 431
852 249
224 639
726 719
160 874
342 667
26 825
519 499
471 36
997 212
24 972
117 520
330 321
335 236
929 20
206 140
971 262
651 931
764 720
744 797
782 264
129 877
784 340
55 408
265 605
240 107
275 124
646 503
83 809
144 8
324 826
636 898
891 790
423 152
420 884
215 370
679 693
274 756
238 985
458 685
717 561
974 20
617 166
699 354
682 356
268 327
687 136
382 704
358 761
847 755
552 822
217 728
768 441
782 265
367 303
599 350
707 623
493 67
741 311
744 792
38 65
576 384
494 837
960 665
928 841
776 653
562 276
229 410
651 128
963 241
753 792
19 771
529 19
588 647
565 852
56 404
571 529
585 410
506 409
59 533
291 96
355 692
257 972
756 189
927 431
300 875
648 93
579 330
714 805
752 375
70 922
985 727
794 806
277 503
135 555
964 865
799 661
440 682
776 142
915 192
663 985
987 257
827 601
819 534
159 178
598 553
512 343
568 62
334 623
303 645
95 39
388 519
624 12
458 806
348 979
294 102
622 419
441 254
856 810
67 117
17 697
762 658
119 986
404 288
641 60
630 583
549 319
533 298
480 732
382 893
295 857
668 255
68 30
351 936
421 728
386 644
834 76
605 701
553 104
54 378
20 397
607 382
48 539
218 303
850 373
746 725
561 233
490 827
572 338
763 547
388 652
586 827
738 188
693 957
29 930
728 127
83 829
791 466
88 609
444 977
287 467
851 346
81 313
471 224
913 892
471 432
40 533
157 399
995 769
158 469
390 73
685 250
149 919
820 822
514 232
338 468
363 229
341 167
141 934
117 377
132 152
714 33
290 975
693 317
991 193
238 767
910 133
189 11
832 637
920 347
27 259
298 824
695 178
385 910
987 120
116 813
275 630
822 463
796 998
481 735
543 540
387 465
264 862
172 278
211 127
96 315
160 925
769 977
713 531
73 519
890 976
249 317
133 984
776 161
911 171
38 968
539 472
209 874
471 420
257 810
893 476
932 182
50 928
551 530
700 579
466 916
985 485
470 471
378 401
92 370
92 925
28 351
253 284
335 84
277 659
202 483
478 433
177 588
512 58
310 654
470 777
289 391
37 62
288 865
297 60
904 200
294 256
316 5
476 257
968 366
959 405
927 311
188 652
312 181
944 986
213 38
284 955
645 550
24 354
96 907
386 190
655 574
538 496
163 138
147 417
543 877
735 541
121 52
38 750
269 270
489 833
66 384
167 918
508 651
930 15
416 910
202 402
65 39
347 970
403 874
305 520
464 778
716 355
545 141
789 384
369 28
805 170
27 762
715 865
885 310
910 828
902 757
39 549
764 465
247 622
261 916
164 541
458 31
107 399
922 864
921 748
647 256
562 379
785 112
171 257
786 823
540 874
846 92
376 183
377 970
986 261
299 391
937 909
885 454
432 57
999 311
196 299
135 329
229 271
726 553
910 63
569 871
306 27
847 836
146 18
151 651
288 533
93 725
717 365
63 242
827 671
614 966
496 103
418 397
782 620
209 410
999 27
836 470
642 440
94 175
678 902
516 903
446 115
197 704
440 979
788 695
752 570
50 92
225 636
961 985
821 407
730 938
676 254
169 947
865 27
427 935
53 44
380 475
887 448
589 785
76 824
235 750
895 605
597 56
803 934
55 2
851 361
606 376
278 268
195 23
975 497
167 654
983 366
821 281
860 174
934 519
805 70
561 189
841 226
574 591
900 525
611 338
707 156
808 503
494 357
109 515
498 865
398 58
795 345
284 69
316 135
57 248
603 338
645 369
193 301
999 882
321 740
392 398
770 774
846 308
301 610
560 5
814 26
538 891
214 849
245 463
496 10
766 638
999 474
278 103
115 322
680 257
107 920
307 424
193 287
297 66
629 224
777 90
591 215
91 377
3 239
731 920
424 667
271 194
791 470
900 350
683 636
722 18
182 598
341 292
972 919
292 122
805 305
126 360
670 464
563 337
157 91
918 150
62 613
799 560
870 223
118 868
283 824
935 194
77 409
662 864
447 716
979 818
322 475
790 599
899 188
107 620
751 488
786 270
612 765
18 816
961 96
264 874
541 377
488 8
667 719
244 797
696 407
362 962
40 673
978 252
648 302
739 862
630 26
762 65
301 113
768 939
246 643
24 400
868 253
824 258
66 690
955 699
708 826
354 589
394 131
684 855
770 750
657 237
338 255
202 939
792 294
59 46
712 810
512 857
763 824
485 377
825 430
996 901
969 816
746 534
813 881
919 775
910 86
353 357
420 551
77 878
827 269
547 98
698 763
888 715
503 905
739 227
147 700
434 905
383 580
434 340
676 90
951 725
484 275
350 935
580 886
419 879
110 593
355 575
497 764
576 536
418 278
657 61
427 246
931 325
228 543
949 777
848 552
304 89
241 969
354 209
553 424
275 735
241 331
504 26
471 919
6 243
62 61
133 214
184 211
217 648
939 400
325 795
679 989
319 882
674 3
568 691
889 987
319 549
279 818
818 545
814 562
739 127
93 518
923 717
725 158
510 116
985 366
254 506
461 201
279 889
999 23
333 453
304 400
103 732
356 264
110 897
831 351
912 781
182 730
343 740
995 12
348 448
582 982
276 904
14 692
999 127
222 174
213 620
2 387
827 482
587 563
196 198
354 209
902 260
149 528
154 920
634 317
263 593
85 189
594 47
566 681
44 733
263 215
637 233
629 204
841 485
887 613
522 393
100 848
585 812
590 117
134 297
720 834
368 902
669 895
210 867
103 844
441 796
702 827
147 157
834 363
422 734
215 448
128 590
832 707
381 545
672 550
555 129
553 838
855 565
925 585
711 702
188 873
223 455
299 968
10 993
369 198
863 841
589 128
509 843
910 413
44 471
157 320
216 19
850 190
285 894
470 618
300 533
364 714
654 248
284 653
656 323
19 116
417 573
882 864
198 616
477 356
557 940
117 855
786 479
503 986
808 81
659 887
595 391
694 688
315 136
257 628
367 497
288 123
539 771
581 225
366 928
465 587
717 942
282 567
955 658
948 100
139 562
258 393
34 484
396 99
290 87
903 189
656 882
960 481
924 691
249 333
836 393
838 999
139 717
11 528
122 300
837 81
833 810
171 85
490 494
570 295
327 902
248 714
828 346
405 511
348 355
957 513
566 818
170 233
425 223
601 61
32 827
169 95
979 16
744 804
577 207
785 757
344 143
645 341
788 645
773 219
187 178
928 717
784 515
98 73
449 488
675 985
112 242
298 376
568 816
733 951
880 315
247 124
739 477
433 589
523 276
206 887
765 795
134 857
622 464
413 523
154 346
203 641
850 186
837 751
251 525
779 399
666 117
712 44
524 102
200 296
881 388
339 751
232 435
296 185
404 491
6 198
511 395
104 384
947 140
556 995
904 555
932 330
529 896
252 681
373 921
493 401
623 479
466 269
545 855
783 864
758 829
411 567
563 730
686 889
694 901
569 211
300 404
839 904
805 977
335 455
285 777
67 215
535 306
850 845
478 391
668 159
756 789
169 236
167 772
945 946
171 227
608 80
300 195
131 851
449 770
70 913
22 701
891 935
40 304
448 93
617 184
529 477
247 580
843 861
359 491
326 570
482 419
553 555
719 646
397 157
1000 432
200 15
208 121
11 70
977 571
1000 685
257 77
861 506
878 161
553 687
116 462
415 522
232 757
264 166
829 498
150 733
505 216
944 683
389 413
337 551
193 717
747 538
687 859
552 165
601 745
911 948
917 78
585 897
429 195
271 67
717 685
837 884
939 313
684 989
207 92
898 149
501 962
787 876
526 83
342 495
23 743
289 872
500 889
743 296
352 749
251 659
527 60
965 424
546 187
539 271
848 239
736 424
503 146
660 993
971 508
660 787
982 342
135 925
562 538
138 905
577 178
353 623
686 654
994 444
882 406
57 715
983 696
315 728
315 215
237 195
217 543
74 141
220 536
704 390
60 275
397 203
702 634
342 520
664 598
883 456
582 194
456 835
238 581
345 75
722 972
197 481
159 218
432 202
967 974
810 71
95 708
370 901
282 954
948 696
745 632
580 224
297 568
850 954
48 470
546 842
355 30
917 890
242 578
184 903
367 159
809 143
410 865
360 580
636 22
940 981
723 810
623 630
385 840
997 448
944 910
721 752
801 252
845 544
863 216
339 357
887 133
961 769
838 224
824 486
190 174
457 299
554 12
719 963
290 643
267 531
833 214
85 61
449 880
143 580
541 598
203 947
412 203
418 322
616 575
939 437
632 443
856 337
679 942
8 524
634 670
910 783
309 347
327 433
397 900
761 217
733 379
452 820
387 66
835 66
305 187
965 799
476 759
82 177
109 39
764 427
517 740
957 460
97 631
841 670
295 842
970 713
570 351
625 922
385 229
543 945
211 868
141 725
377 120
276 153
73 702
144 566
516 917
999 757
426 642
319 870
882 753
327 8
653 960
412 920
251 837
829 533
825 585
444 528
639 427
134 107
401 934
555 974
765 139
986 100
574 753
96 387
597 786
45 37
999 643
833 350
882 73
588 458
560 392
802 352
445 173
430 202
68 967
713 486
174 30
201 401
456 404
147 895
69 954
250 115
485 233
486 711
178 176
760 207
620 148
817 40
99 813
45 240
334 556
85 726
177 873
329 420
174 518
404 976
712 777
954 403
624 807
647 475
683 557
574 595
31 856
7 63
951 823
794 43
226 472
353 439
737 744
732 54
588 415
91 289
808 868
339 868
858 591
764 70
682 19
590 672
104 11
938 577
471 930
750 398
877 904
878 920
128 691
682 739
292 159
456 889
161 786
842 548
915 509
701 769
837 691
381 863
910 494
193 870
459 706
580 944
181 807
475 394
843 372
121 599
360 761
141 10
604 476
632 244
609 537
251 783
854 283
981 515
9 818
383 863
567 606
822 441
325 879
805 993
676 469
363 415
574 667
741 928
555 788
563 384
199 1000
316 771
295 791
364 563
348 775
241 639
307 581
396 445
786 79
111 302
927 458
254 939
295 758
874 303
880 185
209 995
40 917
703 613
93 337
893 225
526 404
747 937
472 549
542 81
499 421
703 129
614 840
214 561
31 433
245 100
768 901
647 604
462 85
470 63
20 497
970 416
93 162
768 206
242 928
585 834
338 757
713 633
451 886
351 825
192 545
188 438
160 335
67 173
332 14
369 342
172 313
308 741
944 287
683 408
179 453
744 335
376 639
761 27
731 491
579 926
443 431
533 162
63 654
433 377
31 765
857 826
667 432
472 330
344 252
536 40
255 11
469 439
323 347
553 74
291 74
101 74
618 159
153 553
472 472
119 405
388 771
447 851
79 571
215 263
493 361
717 608
368 282
58 798
6 74
570 728
29 468
797 369
921 485
328 639
602 823
253 284
637 259
486 487
467 131
806 254
998 457
704 521
545 169
434 576
287 583
871 219
448 544
717 745
903 470
462 669
623 965
607 123
204 188
393 819
755 240
42 323
441 459
595 659
91 357
639 143
597 162
782 17
158 832
933 549
82 112
521 588
626 823
680 923
237 449
351 395
616 527
492 823
139 660
437 673
459 648
886 603
432 29
505 144
795 976
836 100
651 381
977 741
249 343
980 888
875 268
825 62
275 195
283 213
685 98
70 451
660 138
910 225
280 436
517 431
941 767
862 322
186 762
753 511
346 778
552 403
6 828
834 585
346 993
309 824
341 572
646 451
777 295
222 134
420 707
904 480
272 96
140 66
794 180
720 319
18 352
832 680
501 268
967 389
258 61
292 808
831 646
87 394
720 581
566 534
450 811
811 700
468 322
640 781
102 482
348 717
24 293
163 135
621 421
485 788
677 746
758 378
390 943
184 870
732 978
165 348
146 652
724 244
556 591
761 173
275 984
283 813
350 667
680 289
198 185
809 203
718 386
130 912
411 178
376 551
384 168
405 652
778 304
855 507
766 965
478 157
357 598
901 228
506 318
359 901
357 11
535 66
944 421
667 802
746 656
739 181
309 514
886 550
998 796
198 830
915 627
858 569
397 199
225 989
673 214
763 961
528 667
786 15
959 762
919 689
301 460
887 462
822 958
591 968
804 129
587 538
360 551
470 265
951 564
824 327
280 468
730 709
99 748
369 461
885 139
223 225
231 951
182 874
346 546
649 358
282 314
154 514
800 52
135 912
925 89
849 460
37 707
184 626
721 755
114 209
432 62
417 380
522 805
239 606
174 164
795 791
906 49
76 174
60 117
286 832
768 783
605 469
402 928
383 323
892 751
969 663
61 341
591 128
856 21
813 484
982 552
51 24
104 608
484 532
823 879
701 203
675 407
960 32
16 700
804 767
117 856
842 442
600 820
577 2
439 623
269 114
977 467
866 926
484 927
707 469
584 132
333 572
946 439
43 13
536 216
105 564
68 171
356 183
702 409
85 685
179 107
162 903
73 468
499 777
33 578
871 878
575 868
607 920
637 633
239 575
997 382
882 358
849 163
592 418
877 537
616 662
861 192
487 416
842 75
964 580
167 119
421 317
895 256
832 904
150 984
101 721
761 622
215 636
620 512
556 365
500 927
313 462
263 205
233 207
984 74
889 868
961 85
725 330
318 114
602 653
204 4
970 216
563 717
230 644
38 122
803 540
130 763
464 28
471 626
360 431
726 475
645 215
165 937
616 834
944 51
205 298
500 501
954 167
985 869
208 123
913 847
77 15
377 80
946 727
429 695
195 154
145 132
889 72
358 894
235 796
275 139
263 477
490 681
48 819
265 300
385 105
810 831
164 151
643 475
994 752
285 834
954 321
296 765
956 67
368 638
30 440
585 571
895 368
247 470
976 75
688 292
251 536
803 144
6 634
676 366
846 955
807 925
312 36
573 841
503 651
710 383
104 281
612 897
143 373
64 913
597 763
757 843
515 633
582 622
207 3
926 217
156 723
772 529
715 714
255 524
786 481
966 447
452 859
634 348
212 712
201 797
206 246
56 417
947 464
445 796
611 485
93 689
894 799
520 294
158 227
470 885
986 351
707 162
774 891
497 123
598 814
296 786
309 41
589 664
807 147
51 119
676 411
607 925
489 892
930 628
545 833
697 749
254 277
999 656
261 659
890 56
562 610
838 691
412 657
655 405
138 777
924 848
702 404
551 385
209 778
862 937
775 54
376 217
951 596
877 78
794 359
564 574
456 713
261 962
921 971
45 401
562 458
471 225
687 261
414 638
784 495
767 761
135 313
594 666
417 247
738 967
630 272
326 341
122 962
803 55
424 74
624 129
941 514
180 441
478 261
139 61
578 146
344 729
1 478
150 89
39 756
30 228
591 649
725 344
824 99
681 71
972 485
892 635
32 985
951 769
605 408
66 277
240 149
150 331
175 965
757 734
660 762
900 258
353 426
446 700
368 591
127 385
857 491
981 471
585 559
838 538
803 987
910 924
132 518
325 782
380 912
464 24
804 1
549 940
102 7
195 254
895 553
274 688
478 836
675 946
286 978
824 203
268 737
759 678
547 326
204 874
969 96
749 619
915 856
180 701
39 187
301 147
196 575
996 600
861 438
565 431
715 784
693 293
748 687
443 162
683 236
774 340
182 671
618 988
979 231
326 82
348 779
649 36
364 566
408 241
823 904
358 976
958 210
16 972
801 708
329 493
803 337
200 108
25 917
721 513
511 492
546 75
609 936
311 96
989 618
495 631
979 609
576 866
222 930
473 920
704 341
772 44
603 714
621 95
576 404
307 244
546 51
42 200
998 111
61 128
97 854
769 511
370 21
949 130
593 590
293 675
814 767
495 671
340 68
740 138
809 638
719 78
113 858
863 191
558 860
963 572
932 51
946 500
86 38
20 495
679 737
467 222
735 109
458 694
805 643
854 596
130 574
413 190
370 239
891 292
669 809
361 145
522 110
756 534
800 270
80 928
604 963
669 481
485 467
118 279
617 566
364 926
620 862
885 388
109 729
659 612
121 690
856 723
125 767
583 158
74 258
357 616
559 220
884 952
801 70
594 765
138 928
596 925
216 773
777 488
440 929
953 434
90 379
261 970
753 877
599 394
660 282
689 627
775 948
530 735
126 705
19 585
768 333
559 255
157 883
271 750
581 889
922 638
976 910
649 289
445 746
947 337
683 864
491 307
507 720
915 599
709 404
929 901
192 167
319 493
509 357
664 701
469 621
475 502
927 528
851 398
326 303
54 927
955 762
255 43
23 686
517 388
575 218
34 622
147 864
956 334
205 955
295 344
929 17
648 814
98 471
75 413
404 56
828 530
430 686
75 586
646 811
727 711
665 842
779 171
562 583
827 265
50 338
836 841
280 405
180 52
573 665
423 834
660 625
962 396
875 165
685 925
545 412
966 532
263 711
360 602
927 188
1 781
794 826
11 834
31 254
805 786
628 73
302 81
752 412
644 408
279 843
845 378
892 263
783 944
183 192
418 886
289 63
750 381
878 690
535 774
102 812
807 698
140 21
461 182
521 763
292 280
856 941
745 836
577 849
811 353
739 474
97 36
79 50
675 765
987 103
657 78
363 715
337 974
841 436
149 902
467 70
597 132
434 356
900 335
336 181
449 531
428 289
646 913
91 917
959 199
6 918
238 731
545 830
265 466
744 552
700 739
89 406
216 564
413 215
409 759
102 676
865 100
278 45
763 259
748 675
692 536
95 331
926 487
388 134
36 147
535 520
1 625
578 57
272 281
430 929
610 620
837 316
496 980
687 558
56 587
397 126
219 144
187 318
162 788
96 140
408 258
697 109
583 54
546 433
577 470
64 109
716 874
240 447
907 944
359 608
809 56
409 958
928 504
666 92
521 675
100 125
812 523
945 222
218 949
186 191
564 934
827 326
173 61
165 592
542 320
387 757
869 735
375 843
155 193
609 122
845 339
170 103
874 299
48 301
62 294
197 540
98 196
83 482
63 506
913 890
985 764
945 496
882 495
103 421
834 972
777 993
134 72
959 103
651 54
792 496
394 977
972 425
484 14
657 947
451 625
686 552
653 352
246 197
389 209
821 903
628 636
920 512
939 914
655 734
581 437
638 70
170 950
380 238
486 457
443 377
680 718
110 73
221 715
269 61
382 678
461 535
161 733
62 221
110 485
133 366
471 380
424 614
768 764
727 928
241 184
40 347
899 561
510 289
65 984
266 856
388 139
72 89
281 360
87 541
873 688
667 62
267 604
352 238
31 768
609 726
314 137
548 70
432 657
68 7
30 606
654 604
518 426
56 276
656 931
571 872
616 450
171 115
471 536
852 688
62 954
370 712
97 126
252 374
101 124
968 849
621 807
636 629
164 910
110 5
341 912
525 389
160 204
798 245
730 282
478 471
794 721
979 872
914 827
834 666
574 431
461 668
180 967
846 654
627 756
866 756
188 671
75 788
245 566
731 705
454 334
966 85
397 275
200 565
398 203
678 535
953 877
704 497
333 372
811 512
583 64
432 856
305 662
576 439
340 678
314 290
201 814
697 393
582 428
230 516
787 427
592 933
254 675
161 549
927 121
930 874
55 716
496 195
107 879
830 811
662 457
575 651
137 69
349 267
631 93
492 310
448 607
881 951
66 971
786 198
52 990
409 765
214 7
730 83
512 587
474 989
409 959
813 808
112 387
481 210
245 673
374 511
241 852
939 822
913 16
137 754
431 968
319 621
305 83
401 572
36 72
891 61
654 399
104 612
536 246
15 804
836 772
580 806
200 527
423 642
571 662
429 280
702 766
681 191
348 54
669 439
246 212
261 908
834 484
705 791
592 56
668 790
499 744
30 674
700 898
83 722
706 692
537 354
727 955
228 434
415 897
35 678
538 897
983 181
374 534
578 696
428 166
614 380
189 928
269 318
269 789
571 691
170 151
615 532
245 523
619 684
308 343
492 554
736 519
286 456
263 840
684 597
283 204
550 600
502 76
770 865
714 78
675 58
712 335
592 557
637 110
291 542
286 679
663 896
218 541
70 422
896 795
160 897
934 999
502 759
208 734
356 898
907 604
210 693
143 825
887 822
248 246
858 234
694 179
575 675
220 208
52 103
72 513
925 794
303 443
70 513
457 151
908 731
106 256
873 772
639 926
869 595
154 64
762 733
904 879
694 346
1 575
441 256
430 273
209 632
747 903
280 295
753 265
354 619
971 249
555 272
488 484
648 951
305 521
467 707
226 34
18 103
713 232
407 214
669 484
8 42
3 54
758 346
579 539
97 793
104 463
456 360
533 320
608 218
638 258
5 677
952 497
171 933
616 105
257 313
699 496
175 803
805 764
926 425
444 540
326 455
182 277
904 994
376 919
246 985
911 611
728 966
587 465
846 766
943 125
135 354
769 916
394 715
455 995
364 827
295 197
993 974
557 577
344 321
570 152
628 925
953 251
274 763
300 551
59 696
794 502
561 623
636 428
754 161
814 840
380 562
484 724
775 925
352 674
151 677
50 660
312 189
675 687
273 192
989 899
345 459
366 658
346 341
663 297
883 576
102 523
783 483
332 878
668 73
547 481
963 900
453 345
217 511
209 983
830 711
873 922
420 961
125 169
17 742
749 512
742 624
790 221
487 755
564 461
281 860
224 417
106 767
716 773
474 142
484 559
79 757
107 81
395 231
168 578
456 76
437 131
594 426
688 812
167 203
902 67
685 804
158 359
103 167
675 210
101 986
999 639
513 424
149 414
839 884
855 227
470 598
86 902
490 753
412 281
685 201
380 446
945 685
259 841
157 72
412 587
132 689
906 199
165 942
794 523
856 742
816 251
947 166
257 521
211 990
789 742
563 485
461 824
677 786
207 801
857 786
108 320
809 487
617 125
690 5
578 239
863 406
224 85
607 468
83 6
910 395
934 34
487 381
744 202
363 734
594 653
312 742
723 556
857 498
631 939
258 804
40 316
637 635
401 23
329 394
458 538
88 178
357 853
597 896
379 146
610 266
221 436
626 19
907 231
130 26
805 771
628 527
321 654
994 203
700 731
667 77
638 637
844 821
477 989
402 98
512 329
64 289
905 704
540 933
35 590
438 982
761 678
95 369
700 521
196 734
372 31
506 23
393 899
408 776
218 810
294 604
464 182
160 906
371 92
492 282
310 450
793 132
775 13
83 360
257 86
880 797
690 777
652 146
752 459
160 201
417 810
696 951
181 673
714 332
795 405
820 107
5 290
83 121
628 223
785 704
989 361
142 799
624 590
347 476
496 963
921 384
924 50
931 367
303 881
36 106
251 654
201 22
427 366
380 739
926 366
438 155
505 69
939 651
563 26
594 331
448 480
513 799
296 487
537 43
316 925
149 630
543 104
182 926
278 337
243 911
53 207
338 70
899 221
115 541
591 276
903 198
76 316
608 631
723 638
825 357
256 256
169 954
22 165
640 997
722 739
823 878
815 447
6 983
250 581
699 2
760 636
401 163
251 38
165 789
578 1
149 412
341 615
882 166
342 649
151 368
392 861
184 457
909 672
729 99
824 966
908 669
944 656
808 141
427 842
695 373
318 452
753 784
810 318
781 441
192 241
513 102
267 91
7 934
795 173
569 525
600 935
1000 222
950 174
806 230
715 728
238 809
292 46
81 133
936 941
39 476
613 159
161 111
250 34
541 543
633 310
627 65
774 99
392 571
381 654
510 815
970 778
629 268
915 366
366 808
760 981
364 16
493 130
891 18
696 942
268 488
139 40
528 808
986 834
271 8
742 79
126 51
169 135
105 798
398 448
135 234
364 470
185 931
158 795
392 971
764 728
209 714
703 449
675 940
232 696
300 667
237 569
274 354
891 635
925 111
384 599
206 150
467 665
811 284
824 953
691 30
931 871
852 335
523 689
310 149
306 998
674 241
821 281
147 155
892 847
461 322
214 140
544 415
580 337
261 66
529 495
986 932
101 551
303 532
861 61
604 751
856 41
137 489
696 162
719 568
393 119
274 331
950 352
121 645
481 24
324 676
831 417
251 564
272 409
27 946
433 35
873 782
383 806
699 852
325 888
945 103
150 114
139 54
576 188
642 308
815 710
250 154
33 979
548 7
204 107
570 903
49 742
808 453
842 944
340 153
650 439
209 944
87 199
926 577
138 191
121 706
319 979
427 177
6 714
520 262
376 536
715 466
242 215
743 53
764 304
394 439
428 774
532 404
885 717
606 856
646 675
224 393
563 980
305 617
366 53
351 664
422 739
907 810
637 991
660 201
111 598
775 411
622 455
616 484
603 708
973 635
255 152
208 9
742 683
958 104
838 43
1 136
847 964
415 667
88 464
24 160
4 806
863 376
427 928
63 980
770 651
919 10
598 691
760 320
789 351
131 436
91 570
433 319
811 164
412 878
471 742
275 412
984 776
11 613
681 875
828 255
42 794
13 78
942 222
267 800
712 50
346 745
712 705
219 114
920 852
91 57
404 658
951 377
561 719
211 610
36 523
281 457
707 644
227 761
150 235
975 635
101 1000
879 303
782 447
914 604
485 226
273 17
933 714
348 409
174 298
632 291
313 236
347 493
613 130
247 881
995 142
475 967
445 644
596 855
904 459
566 627
389 913
768 726
384 409
675 390
565 877
464 709
482 156
18 715
813 369
832 96
576 528
288 76
883 548
106 115
197 926
933 185
748 845
450 23
859 785
297 201
231 428
366 297
1000 415
966 796
807 57
792 18
503 698
928 975
789 63
27 208
216 756
898 40
210 40
351 828
516 289
778 14
986 411
731 682
663 822
297 512
124 447
310 8
622 531
370 88
875 845
388 853
803 557
964 521
906 30
387 200
706 908
721 251
374 900
692 154
722 554
294 724
358 998
657 941
514 809
682 393
379 982
271 72
766 812
365 870
203 736
843 117
954 677
977 875
767 893
727 14
108 187
819 835
982 151
526 318
192 971
195 367
237 350
724 836
900 558
768 95
115 40
896 885
980 212
185 61
385 323
407 730
559 420
804 966
784 624
54 574
956 116
762 182
580 923
59 619
732 456
346 626
226 318
647 365
581 271
985 981
171 924
863 782
211 335
924 459
642 998
792 472
278 715
451 338
893 553
777 67
616 206
712 708
752 910
338 647
316 988
447 378
563 326
247 299
262 311
498 956
467 309
784 750
403 872
877 570
540 525
759 191
813 482
906 199
498 597
359 36
69 184
104 119
147 418
366 733
754 778
120 186
87 703
749 964
712 357
629 575
250 948
475 35
738 702
616 914
447 729
806 306
755 331
68 917
86 935
478 905
233 753
729 89
895 213
549 244
729 429
679 772
395 772
763 844
903 132
643 833
58 585
908 478
107 251
584 814
611 288
302 981
179 684
816 905
473 312
803 256
832 260
281 736
258 872
927 209
598 729
519 621
75 636
610 26
977 565
289 669
684 271
483 386
55 235
688 132
616 944
137 869
153 680
794 564
771 869
969 91
680 931
551 91
333 794
952 226
856 260
495 269
405 516
771 553
231 339
897 383
369 314
744 12
778 10
860 826
168 359
318 858
368 17
185 690
55 596
764 767
330 917
634 535
281 711
654 344
391 428
778 149
261 267
939 127
75 575
131 580
78 984
731 886
150 224
300 961
815 425
839 920
403 577
72 236
811 454
398 853
333 270
714 362
452 394
223 912
961 532
348 458
399 858
55 936
703 777
376 973
325 391
555 638
716 723
67 56
225 134
700 522
702 437
185 394
685 594
721 419
817 405
439 667
106 129
80 71
500 504
134 155
200 579
503 135
44 614
710 216
807 695
716 440
667 698
595 776
200 326
760 32
58 723
31 782
598 332
778 671
216 775
193 95
381 135
962 66
692 255
534 158
301 909
450 442
197 733
299 624
843 834
409 335
93 973
899 406
111 508
607 311
346 117
108 190
134 409
395 448
273 536
900 293
980 763
518 580
111 528
733 418
657 13
306 211
771 638
75 27
241 741
38 865
363 423
144 227
487 612
238 939
280 142
492 912
860 896
583 898
648 995
848 567
215 328
167 568
637 290
536 256
609 533
708 42
424 818
631 412
956 737
274 814
50 318
367 777
864 820
528 466
954 463
910 171
595 856
145 795
546 947
307 724
949 130
702 854
882 338
884 504
239 865
891 462
270 931
685 280
575 674
714 765
663 982
443 36
664 800
266 505
392 796
989 155
76 352
302 465
635 746
256 519
595 645
935 219
824 502
32 566
310 555
106 458
233 721
770 220
732 878
431 272
167 560
698 430
250 19
858 232
912 427
337 525
665 187
428 437
325 421
846 901
655 645
2 736
809 347
612 518
985 654
488 690
544 675
986 974
526 869
827 15
707 733
202 308
645 213
858 273
482 640
727 940
703 143
74 319
658 522
912 566
411 372
209 456
605 852
244 842
88 51
470 294
330 748
267 993
76 625
404 673
596 142
373 747
748 94
932 193
799 223
361 221
704 10
824 508
725 1000
867 574
868 118
731 606
466 360
547 266
110 543
756 565
374 614
725 148
195 701
639 62
761 411
329 785
593 7
461 43
565 299
729 70
208 827
694 842
321 558
528 544
115 95
840 714
791 210
777 705
348 445
180 295
120 902
365 149
81 825
358 808
994 375
204 567
957 525
842 312
390 552
857 661
960 790
452 421
507 67
13 214
332 762
508 431
300 686
600 410
90 755
413 92
616 318
959 204
904 82
939 728
13 131
313 923
248 386
80 833
713 387
752 261
125 589
182 380
932 407
92 730
539 161
353 427
902 645
869 408
315 407
955 721
244 235
821 72
32 198
630 559
169 2
742 925
918 356
277 698
989 7
669 458
284 242
350 954
707 602
924 154
811 804
698 901
109 735
174 641
201 846
855 517
778 293
745 463
944 669
76 998
415 436
417 346
739 321
456 752
15 114
304 677
783 833
807 496
373 450
537 8
361 59
448 660
415 259
557 374
211 205
66 283
207 338
370 606
548 376
871 680
464 762
487 843
389 117
727 449
993 501
992 699
706 725
787 808
115 615
783 152
757 505
435 722
681 123
598 292
712 311
721 260
436 698
620 652
742 437
926 58
186 187
783 119
798 291
435 628
314 57
79 325
421 807
967 599
638 432
482 255
491 220
272 129
316 306
836 309
311 756
625 304
393 201
174 741
247 187
924 978
227 936
828 234
608 170
286 836
33 544
982 183
586 777
398 918
444 546
109 758
131 10
380 140
822 403
327 671
295 372
416 880
971 352
953 224
283 960
772 824
273 411
795 368
662 580
449 134
543 617
846 963
887 200
137 688
150 269
247 864
534 809
673 929
30 669
948 897
563 541
696 144
306 659
303 713
212 784
800 235
98 89
942 252
669 844
600 310
692 206
998 482
745 967
666 658
8 506
768 26
255 308
8 345
468 256
737 207
21 560
398 56
544 92
211 215
620 140
116 584
500 867
789 832
370 823
194 69
683 299
462 948
979 475
693 548
948 888
576 652
902 411
965 607
988 504
195 444
555 549
318 105
997 332
635 753
955 787
114 595
281 381
390 454
810 786
472 924
549 728
673 170
939 716
541 872
945 990
504 230
349 743
17 300
494 305
180 234
649 59
993 328
517 983
936 346
205 961
824 312
529 106
507 968
256 115
511 811
667 952
704 550
182 253
576 595
890 976
853 919
626 36
321 661
102 106
130 281
397 507
899 78
51 561
596 207
33 353
352 532
592 772
955 710
378 383
808 306
807 546
175 248
231 333
359 524
988 291
870 500
165 500
703 226
772 490
85 35
17 286
457 918
911 121
393 379
380 870
218 942
295 481
672 378
887 700
106 975
560 380
528 476
888 760
950 387
430 779
959 977
951 745
588 718
1 72
320 957
788 234
599 979
519 173
512 958
762 83
25 892
440 892
340 549
375 269
21 864
873 217
851 728
486 986
307 66
937 823
619 397
26 110
964 449
788 142
616 577
333 756
232 320
128 939
894 38
193 657
651 532
829 444
619 618
380 366
105 305
810 855
292 360
365 135
143 126
869 663
300 345
73 389
108 632
281 62
248 644
529 83
867 454
491 550
3 1
541 210
796 180
792 665
481 793
706 939
869 916
846 257
910 316
796 435
170 366
229 765
701 999
49 41
50 553
806 269
215 207
314 754
65 915
778 139
563 934
488 248
647 601
57 199
874 144
143 801
262 536
596 227
516 800
785 167
898 68
392 516
512 941
299 960
511 430
429 122
922 763
382 104
344 687
244 192
634 494
508 459
537 255
324 779
908 510
575 659
274 978
525 912
363 990
518 488
590 918
485 165
958 604
449 118
672 459
164 143
841 714
216 285
289 980
844 906
398 313
131 350
547 38
678 280
938 48
595 281
928 73
206 397
402 375
55 926
739 989
620 588
444 653
988 160
956 19
876 742
884 968
385 573
672 306
61 499
192 387
450 778
589 21
951 673
598 17
493 306
495 931
871 908
711 300
41 545
497 186
96 180
667 717
658 886
398 261
527 439
981 109
71 808
163 325
386 128
699 834
713 760
944 423
778 630
736 422
353 184
406 985
820 897
279 83
138 282
340 124
958 878
516 633
268 563
849 263
301 486
270 485
525 709
326 988
880 617
50 330
589 730
291 867
569 832
873 225
398 760
826 769
750 706
187 667
128 86
711 795
605 591
598 251
616 971
895 406
186 922
14 934
253 3
532 465
311 656
704 277
715 962
345 309
938 285
610 472
726 842
916 515
587 172
630 291
106 38
304 558
671 111
865 864
855 154
49 492
182 23
399 875
318 828
216 25
12 736
191 257
227 994
483 479
198 165
80 178
296 979
394 107
413 269
487 857
607 547
120 979
265 506
423 187
619 18
861 588
161 649
866 516
694 299
322 152
453 857
818 533
769 245
116 955
73 117
943 609
419 50
783 147
116 566
786 314
172 261
735 549
257 757
629 778
924 648
88 849
330 180
488 5
687 993
907 244
271 252
848 721
927 54
723 86
523 14
396 757
186 258
813 955
106 13
615 488
27 632
559 560
906 503
696 883
445 587
604 663
790 483
509 258
689 138
760 835
368 280
317 505
80 824
301 511
59 120
437 465
544 454
30 632
316 256
971 847
16 67
765 303
199 972
988 792
200 259
380 838
699 472
695 196
753 272
310 540
467 646
359 866
468 908
286 607
676 163
175 958
765 951
888 28
808 559
547 33
636 194
3 372
51 646
625 790
791 239
234 106
288 898
775 2
40 256
855 625
786 653
970 670
522 256
639 328
379 416
914 90
236 394
156 972
467 303
897 888
983 53
416 846
535 264
744 167
998 951
451 179
889 71
808 149
125 664
712 768
705 507
186 178
885 310
118 44
243 366
566 432
828 152
462 847
8 39
17 720
235 807
865 189
994 867
308 641
133 804
854 533
449 56
646 743
959 397
362 376
318 807
590 169
753 483
542 328
862 953
788 985
853 588
699 711
945 52
472 136
496 794
927 871
588 401
70 300
155 487
521 202
495 628
35 947
962 873
174 524
449 23
518 617
777 958
754 31
230 379
739 641
885 660
954 800
945 454
616 905
581 473
599 905
833 624
345 844
760 526
326 383
248 610
968 804
517 858
616 951
375 675
404 530
775 652
97 49
806 806
844 458
247 218
258 355
362 920
692 38
743 524
346 248
899 991
873 30
735 140
704 595
31 190
126 754
465 543
872 273
919 642
855 490
751 641
513 426
756 31
58 310
901 562
605 346
599 296
368 36
494 36
449 468
723 702
725 449
56 810
796 335
30 346
891 319
65 520
212 97
781 420
245 191
933 439
64 563
883 568
896 394
980 946
243 492
669 778
566 386
873 458
692 72
381 751
310 555
989 775
197 464
595 302
204 414
704 580
597 324
97 462
31 748
721 763
121 101
48 266
197 926
239 24
842 476
467 663
840 30
902 662
501 567
114 843
261 376
704 11
705 120
15 203
145 205
940 722
202 118
900 355
206 714
35 99
6 318
876 474
976 807
217 699
134 535
575 550
389 285
429 231
218 744
985 912
38 61
423 531
374 73
336 568
163 959
455 418
209 607
121 939
387 249
367 558
938 621
590 171
527 766
191 259
597 644
263 577
964 433
683 639
652 21
501 286
144 298
441 566
795 404
51 185
350 373
518 231
453 772
781 32
697 584
301 928
545 634
608 444
499 703
408 612
849 871
608 593
708 146
265 371
317 513
186 362
411 310
547 795
713 454
492 962
376 991
772 530
687 137
181 175
824 916
965 804
310 590
782 587
725 5
752 351
360 102
308 118
140 748
297 928
923 284
630 988
12 212
108 71
701 533
522 346
672 921
47 342
383 16
918 591
702 514
570 9
536 635
91 912
441 28
439 5
308 843
14 24
283 827
41 150
680 751
483 977
456 898
937 339
831 788
925 385
18 997
948 679
822 194
87 775
68 426
360 275
272 523
913 669
773 606
357 913
911 524
377 170
404 340
353 209
276 949
265 53
370 694
507 870
237 729
656 491
524 573
271 179
394 388
759 908
803 532
216 474
833 47
133 471
922 92
265 525
671 511
499 796
656 58
357 159
663 931
549 426
406 995
590 433
813 370
827 130
570 356
432 454
273 237
706 336
225 872
484 40
542 767
175 478
458 854
107 818
85 737
198 876
930 619
88 852
46 736
833 853
683 929
905 183
41 609
186 469
720 494
897 567
866 453
839 971
273 172
697 567
972 816
716 917
396 301
743 784
575 568
469 575
247 172
419 548
413 795
524 991
81 883
450 638
365 828
534 108
491 874
462 328
186 785
377 779
564 754
376 541
325 493
17 704
490 719
148 492
369 195
923 569
271 578
893 619
805 861
800 959
74 102
478 219
481 709
682 523
912 991
483 467
632 722
657 389
763 423
782 922
215 738
373 681
185 278
789 32
592 721
344 505
822 876
322 868
189 57
842 663
159 744
485 689
90 984
494 181
376 437
182 970
889 338
900 701
18 832
181 992
791 64
179 979
39 377
101 379
825 829
698 777
189 825
663 847
937 675
456 43
945 466
91 105
543 301
984 918
806 700
249 251
34 688
695 376
275 271
624 810
2 14
828 268
182 956
353 506
462 702
307 558
377 264
768 328
908 341
768 238
548 853
417 495
209 446
562 318
661 564
855 960
548 422
581 760
846 373
202 464
485 81
98 263
286 93
604 754
94 284
632 527
389 85
729 25
502 133
921 944
519 360
551 240
787 520
34 206
32 388
958 713
430 677
129 548
780 375
795 636
84 231
526 309
200 389
407 959
971 605
376 238
986 752
431 460
62 699
571 417
909 246
676 989
73 760
950 665
921 128
15 438
487 795
803 255
858 757
448 300
440 939
656 215
594 810
514 318
737 681
869 254
558 756
738 300
747 812
222 659
429 431
276 459
890 929
824 492
466 229
564 919
113 342
50 236
879 79
729 643
26 509
220 804
768 328
785 664
225 131
26 668
21 132
612 594
537 336
872 162
541 826
538 350
745 756
208 228
245 782
873 904
980 794
121 440
737 937
229 546
875 334
826 958
135 204
135 6
832 954
590 312
504 287
145 41
63 92
38 652
644 273
388 478
877 908
136 701
287 931
97 776
370 485
871 21
21 362
301 456
908 61
17 981
658 729
77 515
970 376
366 695
602 602
773 105
773 880
100 275
796 381
189 132
394 72
99 357
925 613
645 315
624 321
301 454
355 412
901 553
559 744
226 892
138 730
212 431
190 691
847 414
1 579
802 734
795 46
636 111
591 92
471 331
445 197
662 255
617 289
623 802
917 209
831 505
808 395
439 378
987 153
194 516
399 366
236 87
364 396
423 694
607 455
736 776
714 848
100 559
919 174
765 660
893 245
283 895
721 121
772 78
978 203
748 301
13 450
725 407
387 98
375 33
604 356
949 516
267 344
343 862
417 922
737 28
75 838
326 960
217 717
296 661
283 413
313 239
158 812
519 338
697 985
156 629
90 463
991 233
545 595
12 1000
247 902
166 133
642 115
394 868
265 235
647 600
828 373
332 702
821 707
581 429
352 295
752 124
4 825
186 278
175 617
424 782
166 541
256 807
245 234
387 569
61 167
1000 186
631 601
342 321
35 868
795 968
904 166
922 875
109 84
495 57
372 682
362 923
727 621
405 449
707 488
215 313
346 128
726 588
618 714
435 250
769 530
806 561
635 439
544 298
146 366
6 740
746 21
403 533
249 788
40 853
30 890
81 876
344 260
949 795
367 190
381 735
396 358
478 844
450 111
369 937
541 133
286 906
275 326
568 102
102 558
779 580
638 925
952 449
84 627
616 974
286 892
141 305
88 694
883 202
350 375
322 913
312 89
982 506
46 337
462 553
483 247
445 803
311 861
153 136
972 281
561 799
386 56
605 572
475 691
277 313
974 201
405 747
465 646
15 394
183 872
158 592
921 123
266 428
506 714
8 543
115 772
865 637
66 38
879 657
958 217
140 460
742 343
876 179
606 296
84 155
511 783
818 396
586 372
195 55
381 360
40 396
220 634
268 207
375 142
101 438
770 603
300 941
603 584
886 758
908 369
820 370
469 946
359 146
600 971
92 657
189 525
221 911
971 426
150 410
726 432
944 641
664 715
654 326
39 580
851 833
195 711
882 100
876 773
812 222
165 61
122 841
33 92
546 211
92 71
336 56
19 555
9 771
769 246
189 533
756 899
648 226
27 421
449 796
284 288
794 712
149 806
356 653
752 153
548 50
463 263
542 912
433 758
570 142
198 547
156 386
337 647
489 758
368 351
686 520
755 34
7 253
671 562
719 64
757 211
262 744
603 947
23 707
505 903
274 594
179 599
845 280
131 37
535 210
132 714
470 310
264 532
597 912
376 523
665 413
272 787
693 254
355 343
273 451
694 396
539 149
670 245
742 813
849 403
435 913
811 345
113 939
817 631
47 113
479 574
784 576
449 118
181 706
348 103
509 107
91 930
84 725
525 411
172 679
233 583
907 386
654 863
955 868
985 413
691 994
453 438
677 919
940 51
114 990
546 996
979 219
421 358
819 85
593 630
632 697
144 61
139 942
139 877
253 131
459 555
74 37
457 621
729 215
321 171
308 10
547 706
569 320
282 456
960 623
114 850
8 372
850 591
58 97
406 944
746 756
178 426
674 83
991 337
164 390
13 211
523 96
33 144
424 480
669 346
772 804
5 111
149 895
366 176
962 254
714 787
516 438
280 870
238 480
460 652
591 173
861 86
387 490
796 693
442 272
784 946
19 539
660 803
782 656
403 389
434 381
486 293
470 80
777 883
202 599
769 883
621 565
177 621
199 981
128 625
867 472
892 219
848 373
494 316
236 439
488 290
492 876
326 903
80 809
447 986
652 48
662 919
519 251
96 567
473 180
208 809
209 530
327 985
458 116
708 44
613 424
494 667
215 844
646 458
351 834
152 717
777 342
718 995
886 742
746 100
46 623
323 785
280 416
426 173
128 550
347 885
641 553
471 869
789 5
324 592
334 596
911 54
764 93
224 368
12 528
727 546
555 734
623 844
925 737
293 98
588 245
671 945
837 320
709 329
595 887
580 842
405 188
611 190
689 234
32 537
980 690
442 762
100 327
451 293
911 500
679 609
167 861
613 719
208 411
109 673
920 705
207 28
148 28
250 216
199 420
663 772
527 940
599 884
791 745
23 839
806 593
815 633
448 437
303 88
690 457
928 407
146 913
295 492
937 923
458 344
950 376
590 652
237 84
639 89
434 324
834 45
305 724
100 834
731 873
243 145
745 303
99 391
290 983
525 746
422 726
60 873
184 251
484 762
350 797
258 360
82 548
938 791
426 679
638 668
663 566
4 660
895 809
465 186
699 590
612 106
72 524
362 674
297 872
285 83
525 755
157 112
827 129
617 952
41 542
564 512
38 588
698 955
931 349
15 74
976 956
703 462
109 350
761 36
521 239
75 22
190 93
646 595
146 555
685 695
625 933
240 541
613 463
584 840
906 603
277 600
318 416
961 458
289 278
762 702
643 88
211 580
853 290
70 450
854 526
267 334
320 928
208 152
545 458
347 337
42 200
753 848
548 959
812 680
221 105
505 207
295 755
323 791
603 185
79 585
544 321
727 767
460 514
545 954
363 285
479 683
123 388
397 250
87 364
789 612
907 262
994 155
651 415
641 947
568 826
160 886
630 331
367 356
640 192
522 331
476 31
946 419
724 53
348 943
965 824
90 169
934 207
235 971
667 659
940 316
275 930
171 243
150 914
924 444
716 959
439 530
105 602
842 124
94 526
312 65
30 252
220 39
223 618
180 249
126 554
247 940
687 250
226 671
533 325
471 818
902 320
85 464
439 781
510 632
445 745
972 361
170 865
385 814
342 924
831 739
788 661
820 33
298 626
916 533
316 38
493 930
947 936
717 558
310 226
805 912
720 528
528 222
275 915
519 396
905 415
643 474
523 112
355 356
360 518
900 27
770 355
653 580
391 754
424 657
906 38
362 903
10 485
751 434
409 636
431 499
489 864
553 618
803 940
964 989
571 301
473 271
865 520
139 242
56 202
760 668
159 867
609 363
690 50
671 843
34 31
988 367
856 21
439 623
485 332
109 852
127 988
307 888
419 195
227 477
901 931
655 48
206 616
554 971
399 927
271 603
632 445
448 444
288 610
781 363
887 667
377 255
139 380
817 826
307 355
396 594
800 426
778 364
302 803
924 950
924 277
167 962
279 451
73 830
524 451
36 400
163 57
398 841
745 911
681 68
879 852
671 116
592 357
957 635
699 608
453 44
243 578
65 480
188 703
379 976
707 514
600 813
817 296
837 570
524 806
227 516
847 235
758 448
301 216
333 160
548 791
372 887
505 427
271 596
554 419
362 702
176 902
872 436
836 675
493 746
958 791
116 681
337 542
765 258
865 495
572 947
751 71
901 978
625 846
231 187
562 639
215 1
831 98
45 54
193 574
491 487
692 665
358 429
539 441
978 423
345 81
978 610
62 480
302 248
513 480
699 147
456 138
266 521
184 988
846 208
555 294
705 657
216 493
621 304
534 629
604 250
997 755
100 64
264 302
329 100
796 640
994 694
264 903
541 736
527 968
11 968
363 315
14 403
744 408
538 234
464 293
408 614
348 576
81 275
618 539
880 267
896 713
273 285
269 811
935 705
880 558
516 642
363 101
394 551
551 59
819 620
276 529
754 690
353 629
304 889
937 820
478 953
15 926
186 646
756 325
791 494
650 958
759 360
56 666
792 432
421 239
777 141
734 117
182 195
470 62
827 870
209 432
352 682
501 940
221 874
77 696
808 562
827 876
869 449
371 110
890 300
820 803
259 678
293 589
222 743
376 818
992 500
67 151
171 668
300 579
551 411
51 213
235 306
628 262
835 94
406 873
240 281
286 955
882 256
224 65
559 575
217 574
923 344
650 861
492 356
50 950
603 561
37 626
668 629
636 278
719 940
892 529
901 595
927 406
447 164
591 421
74 371
225 104
715 860
499 352
616 979
106 820
943 607
269 688
821 812
79 570
455 633
127 408
737 446
183 732
103 139
170 286
355 285
738 546
638 238
472 639
398 204
445 399
587 381
284 291
441 184
787 512
736 991
932 837
193 595
366 304
970 578
477 490
125 489
646 619
832 290
667 554
100 677
161 326
627 369
232 411
481 338
455 213
679 800
480 950
563 338
622 163
417 425
62 204
871 768
708 4
800 616
307 87
822 248
683 817
932 937
139 642
904 892
498 738
64 50
727 111
414 592
913 580
918 55
657 898
115 865
386 384
574 685
207 771
292 154
692 197
210 654
54 108
750 629
938 918
418 631
879 467
631 611
509 541
251 645
245 849
687 193
783 862
750 224
490 349
814 414
502 482
378 602
437 589
337 787
293 590
682 476
518 514
315 730
956 151
394 975
176 353
415 688
47 471
103 195
112 349
437 755
964 794
102 654
592 969
506 240
968 445
438 493
116 208
782 277
201 831
481 679
122 6
904 504
577 682
970 265
915 245
986 326
297 774
152 222
301 457
586 493
576 130
544 919
275 339
914 375
860 804
174 665
528 602
463 821
72 812
56 634
393 606
701 235
277 645
381 833
439 232
723 103
771 590
115 492
928 287
529 128
904 51
718 519
481 295
146 577
396 420
709 852
528 123
945 126
201 435
580 973
582 809
108 241
495 742
954 337
105 63
273 885
631 369
559 3
258 787
775 762
916 724
944 79
298 103
139 712
541 676
159 591
187 178
24 661
736 458
935 753
880 527
61 531
277 479
990 529
672 948
816 568
744 789
516 237
487 233
388 794
267 581
773 265
38 634
240 142
752 977
398 157
738 169
280 247
856 838
587 823
304 1000
747 265
534 256
223 400
292 530
794 805
743 685
226 675
323 579
859 270
817 226
427 631
707 20
156 739
967 527
606 66
172 345
216 490
817 501
510 919
956 906
276 854
9 64
419 36
321 241
948 387
664 643
758 877
697 453
698 149
317 21
609 916
70 356
516 253
79 493
390 230
885 370
193 913
551 389
618 463
223 623
835 443
70 879
211 102
191 751
641 49
319 674
323 892
889 77
728 864
681 214
29 10
340 921
119 123
264 613
600 365
874 801
801 751
543 417
229 601
660 418
773 694
426 671
941 877
567 708
164 876
765 677
20 155
866 948
882 168
520 184
236 33
562 570
872 400
881 922
634 304
329 60
858 884
74 397
810 73
294 468
163 194
54 595
427 683
347 311
129 557
416 711
24 522
740 740
16 160
105 279
790 375
327 679
383 247
511 509
876 629
738 72
696 78
553 293
439 979
164 556
7 326
955 435
961 423
747 645
864 780
984 10
253 131
18 370
572 470
542 835
92 993
713 540
699 364
204 564
177 547
725 151
844 364
6 732
395 668
455 564
238 638
76 388
551 69
276 462
71 163
860 678
251 349
427 23
652 818
240 227
845 147
470 962
672 542
839 854
262 269
260 875
334 915
859 66
258 781
717 779
931 34
221 52
932 854
676 503
759 115
86 90
928 32
559 528
892 677
579 254
538 565
74 930
186 405
844 275
489 778
751 428
628 532
234 66
456 564
448 797
607 513
696 517
121 499
615 858
684 327
28 941
625 677
819 747
658 284
948 49
927 995
738 754
849 793
863 619
211 119
169 664
745 802
167 201
809 5
469 589
823 428
11 542
588 331
534 618
659 239
114 940
501 75
953 467
434 400
114 170
623 259
723 160
266 506
888 914
463 27
392 699
504 369
906 58
205 89
897 879
589 444
157 623
299 5
310 528
202 535
591 509
730 919
43 191
335 804
482 203
762 917
878 122
278 377
656 153
215 601
530 54
371 42
898 896
95 251
216 594
664 401
73 109
492 226
311 977
772 596
681 503
743 961
931 138
328 919
311 120
12 765
892 575
157 228
174 768
631 437
618 529
270 618
519 383
89 727
401 119
491 570
264 108
312 101
600 800
98 520
666 438
536 209
755 83
232 695
52 565
415 528
315 980
495 824
845 499
477 436
140 17
811 761
978 233
466 827
438 379
465 604
128 647
729 343
713 792
388 775
597 370
610 875
747 712
53 647
121 258
892 75
651 44
120 551
319 371
649 978
258 397
900 572
148 446
589 150
436 163
27 853
826 116
953 794
727 470
991 772
263 758
883 152
647 228
680 415
436 377
692 888
24 406
110 280
328 475
725 152
797 22
575 130
758 18
465 304
332 701
846 989
754 963
609 145
966 944
627 24
162 880
787 630
220 20
84 181
149 868
925 13
10 382
315 207
113 717
364 389
535 985
511 382
395 887
887 583
722 286
35 766
803 198
3 386
719 626
463 710
736 956
345 260
5 362
575 236
292 716
292 537
650 954
414 276
103 104
971 91
348 940
62 372
996 725
410 115
604 286
477 287
931 226
704 92
40 734
760 985
399 60
963 341
400 296
433 662
345 877
601 502
583 921
460 395
129 634
512 339
54 444
225 497
864 486
527 533
692 223
466 807
139 452
483 229
613 31
897 446
806 42
204 331
362 50
654 87
438 932
861 519
369 934
918 329
316 492
120 133
428 391
1000 35
767 632
609 611
934 878
572 736
412 226
69 686
521 132
207 444
193 562
38 677
177 533
2 150
423 325
19 110
764 47
78 329
870 268
237 852
938 590
408 827
915 837
209 966
531 659
190 324
536 77
447 375
16 58
883 748
995 754
127 303
204 367
991 268
743 185
609 517
588 140
242 15
739 113
224 907
18 429
291 279
28 196
20 530
169 310
665 454
759 446
27 89
94 597
514 289
258 997
480 761
834 769
471 401
507 234
294 322
932 255
471 205
502 193
577 970
16 333
248 597
313 197
850 840
319 738
975 75
696 567
828 274
377 287
413 35
796 481
231 100
191 677
409 611
33 702
498 220
805 122
534 165
101 175
539 177
966 402
353 648
932 676
452 953
850 990
204 681
626 977
327 258
229 767
658 147
890 804
899 854
95 241
985 368
881 340
415 910
347 903
204 657
707 201
487 362
334 40
496 4
738 964
982 620
418 204
481 631
369 323
628 81
413 862
266 23
563 749
669 99
426 147
698 352
122 815
783 907
293 159
772 461
500 624
728 161
913 207
598 775
149 623
625 805
110 245
42 897
919 713
57 543
328 329
973 519
895 66
97 18
561 315
967 467
771 455
581 781
396 271
517 355
302 378
706 325
870 541
71 594
656 187
717 202
76 233
246 983
565 821
355 922
107 130
180 109
681 851
949 211
923 726
338 789
996 962
660 908
915 94
579 24
409 855
721 34
671 503
260 444
174 64
591 121
235 224
772 10
131 802
147 86
550 313
537 456
947 955
569 936
243 453
703 787
947 891
217 445
477 322
93 565
179 152
471 62
353 298
894 502
93 104
74 659
580 846
650 441
455 67
252 623
564 907
14 294
900 122
959 117
91 223
235 62
612 863
618 38
880 759
108 580
823 61
739 275
723 433
689 534
668 250
859 815
266 656
273 668
241 7
69 813
325 495
922 972
346 166
34 178
58 376
267 778
39 867
363 592
695 13
770 980
938 21
644 460
294 928
410 541
520 706
591 917
160 84
976 621
341 319
2 314
523 890
613 930
669 159
56 312
349 864
707 227
987 834
813 188
520 405
757 400
20 915
437 473
373 73
891 775
435 28
925 190
256 336
40 741
195 36
116 115
19 748
730 207
289 138
385 26
226 988
116 490
549 472
143 679
807 189
982 848
196 726
171 140
562 988
593 540
971 361
323 291
610 313
870 157
429 638
219 126
518 696
649 702
535 916
582 51
815 574
856 406
666 464
14 523
335 845
370 835
432 319
662 784
341 815
774 580
227 242
471 534
768 559
95 713
780 933
1000 784
797 266
978 342
990 283
448 914
613 639
324 97
16 527
335 957
310 463
287 511
909 544
391 428
343 567
229 33
81 646
75 953
267 239
31 33
769 548
592 554
987 544
825 768
59 957
677 63
416 257
191 45
342 799
105 975
196 266
398 950
568 690
197 742
791 488
707 856
844 175
158 502
850 781
520 270
494 295
460 325
339 386
606 827
87 173
444 50
523 328
974 921
350 203
988 673
958 156
745 45
606 659
892 770
765 584
673 731
343 667
837 506
11 120
803 179
445 966
34 317
524 22
94 432
485 441
922 248
653 804
974 738
624 603
151 353
235 203
473 290
486 637
220 268
497 210
951 694
171 152
586 204
948 527
304 445
476 507
192 931
448 66
140 43
252 790
433 425
675 71
598 836
491 372
293 962
956 482
185 607
902 119
412 780
435 878
705 857
451 332
385 802
677 263
867 637
839 106
900 213
779 431
110 837
420 898
870 497
773 683
284 33
916 197
381 887
938 294
973 995
700 433
26 712
884 640
137 254
245 180
12 585
172 974
638 13
664 765
786 483
112 925
212 789
102 766
812 406
97 894
700 314
732 942
546 575
357 287
282 127
514 968
905 855
455 297
962 595
549 970
206 926
909 61
676 798
378 856
796 196
124 332
500 21
661 278
406 891
130 712
421 463
509 713
450 384
630 534
234 713
529 689
292 28
723 700
207 408
559 370
138 884
174 286
862 863
653 644
540 571
10 799
866 401
159 601
553 384
538 864
553 982
133 859
440 591
791 74
598 967
534 284
887 362
42 385
366 810
659 390
563 941
577 965
171 245
835 602
240 891
509 172
140 144
87 634
658 559
654 616
586 413
183 115
814 573
658 5
203 252
705 465
367 317
71 885
716 33
351 845
457 47
647 888
42 135
15 618
589 620
58 703
273 999
211 111
233 822
307 119
916 486
562 285
25 796
334 85
883 720
107 335
275 524
789 20
965 774
510 13
104 315
168 373
215 63
409 287
713 748
79 505
254 263
180 231
329 769
877 950
982 776
976 463
787 785
109 612
992 17
751 121
440 853
48 316
749 996
192 499
594 423
961 621
119 183
748 749
976 931
776 876
370 422
738 355
664 877
342 704
251 97
57 847
355 368
257 848
465 489
450 437
758 446
993 647
683 39
94 861
223 468
518 996
721 852
504 24
470 912
98 560
27 384
310 283
701 433
936 368
811 599
576 857
485 818
818 21
60 700
80 455
678 412
194 733
299 33
544 213
999 228
656 261
852 830
211 862
597 751
65 334
635 123
967 103
52 710
250 458
860 468
303 163
524 672
53 668
736 964
973 17
222 319
337 586
5 187
643 158
539 787
873 954
381 101
761 664
615 930
690 193
189 425
450 96
979 416
459 881
321 377
482 745
46 203
245 532
455 95
87 941
336 622
732 946
827 219
473 761
749 521
989 309
823 861
151 644
532 739
565 211
791 929
605 558
210 478
316 41
614 748
968 268
813 586
680 83
959 479
849 910
668 982
722 526
481 224
21 244
456 807
987 695
418 417
697 199
262 973
102 435
761 330
960 289
840 184
912 24
931 748
948 56
83 326
93 869
366 705
569 967
341 645
272 72
305 346
242 624
26 552
944 757
515 582
94 17
470 422
170 74
510 331
312 336
383 578
196 814
88 570
674 571
811 165
105 840
522 174
263 324
958 822
295 484
653 203
987 632
451 132
933 537
823 920
231 842
227 923
848 998
611 708
36 290
171 675
200 388
458 762
108 258
553 61
259 93
266 667
291 280
853 929
29 926
212 742
54 174
487 946
157 458
389 449
467 357
563 516
599 319
318 210
444 420
186 416
776 899
770 696
295 621
182 461
870 976
1 158
828 868
657 155
843 998
871 332
668 17
442 279
455 855
734 787
733 658
149 516
571 125
160 129
131 186
311 877
334 429
745 713
659 73
718 587
344 181
290 274
601 726
287 85
190 104
443 812
903 406
821 953
744 114
697 793
206 35
104 902
406 273
35 693
330 670
725 26
91 982
293 872
886 709
673 454
516 734
334 574
913 109
193 854
650 247
295 35
189 607
301 579
42 372
624 589
804 495
851 936
5 151
980 899
5 11
739 587
207 115
152 316
85 643
490 828
975 239
18 439
105 569
757 568
257 57
226 458
80 475
387 300
159 765
854 27
351 485
569 501
295 836
808 437
654 428
293 998
111 753
256 930
242 624
688 947
995 415
609 485
163 17
449 263
737 422
905 692
969 193
316 157
582 913
649 42
486 380
82 387
495 913
7 165
279 731
71 946
646 41
31 886
124 113
979 971
569 36
110 174
669 260
125 298
470 32
172 29
906 855
225 209
184 713
247 779
581 588
49 503
536 365
75 754
386 960
970 934
773 427
957 328
5 612
747 409
988 626
386 996
741 133
132 543
575 818
617 818
626 190
307 113
407 161
134 106
304 192
698 709
526 907
588 533
253 220
414 909
605 74
474 190
935 918
427 650
820 478
835 946
559 713
796 676
80 406
1 106
227 247
216 192
984 111
519 857
46 175
810 949
258 545
223 220
117 670
745 985
886 463
404 192
610 688
941 108
80 66
63 447
537 572
852 122
548 765
638 271
256 336
839 154
793 864
219 182
260 187
448 955
841 731
268 901
704 910
32 361
454 259
974 669
800 533
688 62
763 325
675 224
903 412
566 862
331 121
963 841
398 383
78 721
464 118
819 456
114 977
545 335
718 65
57 208
730 429
937 342
83 846
719 139
130 203
369 507
43 635
806 242
206 946
170 524
176 748
112 786
167 793
38 241
239 267
553 163
556 329
991 219
425 979
276 428
664 84
653 824
327 162
848 705
606 92
79 951
86 572
721 585
681 584
529 425
810 384
408 676
414 442
64 318
501 355
689 1000
969 423
643 726
901 754
561 355
272 299
826 414
826 298
415 600
197 192
633 712
56 250
541 529
103 341
508 739
53 984
689 644
817 342
499 444
719 122
240 334
762 557
970 908
955 860
916 93
789 768
159 202
920 528
92 158
514 496
597 83
325 559
399 615
805 581
818 857
769 388
699 820
576 429
352 930
57 644
995 855
741 422
853 748
799 60
821 511
125 130
756 159
654 934
46 159
786 227
958 358
999 938
159 65
130 263
3 524
535 18
162 362
732 3
223 880
604 208
130 865
30 239
808 173
722 119
48 845
629 526
770 792
811 899
766 462
508 348
468 372
404 890
85 740
434 775
714 898
181 948
588 589
407 161
787 814
618 308
346 945
17 95
994 889
699 273
365 882
212 509
303 572
371 885
351 885
987 286
307 516
641 452
575 840
552 550
827 329
701 407
57 316
899 24
256 982
73 206
1 831
251 840
307 213
241 747
857 480
950 939
786 233
776 878
